2020
3984
6115
8206
12490
12578
14121
13955
15363
15364
10233
10196
12830
12925
5697
8299
31373
28998
28949
28905
28769
28726
28062
28021
27123
21016
26908
26796
25295
25245
25197
25149
25099
25046
23734
23642
23336
23444
23546
23643
23644
24703
24642
24582
24522
22020
22105
24302
24643
24704
24714
24653
22756
24594
24654
24715
24271
24328
24382
27713
27765
27701
27753
29029
29123
29018
29112
29349
29350
29351
28880
28924
28870
28914
27642
27653
33115
33126
33137
16679
16779
16375
16478
18038
18227
16882
16977
17481
17565
17233
17146
17882
17721
19368
19467
18530
18861
19268
18420
18361
17159
17073
18179
17817
17733
15756
15591
15592
15757
17406
17327
17652
18045