		ˆÚ“®‹——£	ˆÚ“®‘¬“x	ˆÚ“®ŽžŠÔ
[8211	7823]	86	1.1	1.303030303
[8211	6679]	130	1.1	1.96969697
[8211	4626]	148	1.1	2.242424242
[8211	7671]	114	1.1	1.727272727
[8211	1592]	376	1.1	5.696969697
[8211	1813]	338	1.1	5.121212121
[8211	8169]	446	1.1	6.757575758
[8211	10635]	546	1.1	8.272727273
[8211	8236]	416	1.1	6.303030303
[8211	6205]	390	1.1	5.909090909
[8211	6686]	362	1.1	5.484848485
[8211	8643]	446	1.1	6.757575758
[8211	11087]	714	1.1	10.81818182
[8211	14140]	524	1.1	7.939393939
[8211	15728]	682	1.1	10.33333333
[8211	18089]	576	1.1	8.727272727
[8211	24352]	726	1.1	11
[8211	23742]	708	1.1	10.72727273
[8211	23411]	746	1.1	11.3030303
[8211	24027]	748	1.1	11.33333333
[8211	23295]	718	1.1	10.87878788
[8211	28619]	896	1.1	13.57575758
[8211	32746]	1464	1.1	22.18181818
[7823	8211]	86	1.1	1.303030303
[7823	6679]	44	1.1	0.666666667
[7823	4626]	130	1.1	1.96969697
[7823	7671]	96	1.1	1.454545455
[7823	1592]	290	1.1	4.393939394
[7823	1813]	252	1.1	3.818181818
[7823	8169]	364	1.1	5.515151515
[7823	10635]	464	1.1	7.03030303
[7823	8236]	334	1.1	5.060606061
[7823	6205]	304	1.1	4.606060606
[7823	6686]	276	1.1	4.181818182
[7823	8643]	364	1.1	5.515151515
[7823	11087]	632	1.1	9.575757576
[7823	14140]	442	1.1	6.696969697
[7823	15728]	600	1.1	9.090909091
[7823	18089]	494	1.1	7.484848485
[7823	24352]	644	1.1	9.757575758
[7823	23742]	626	1.1	9.484848485
[7823	23411]	664	1.1	10.06060606
[7823	24027]	666	1.1	10.09090909
[7823	23295]	636	1.1	9.636363636
[7823	28619]	814	1.1	12.33333333
[7823	32746]	1382	1.1	20.93939394
[6679	8211]	130	1.1	1.96969697
[6679	7823]	44	1.1	0.666666667
[6679	4626]	142	1.1	2.151515152
[6679	7671]	108	1.1	1.636363636
[6679	1592]	290	1.1	4.393939394
[6679	1813]	252	1.1	3.818181818
[6679	8169]	374	1.1	5.666666667
[6679	10635]	508	1.1	7.696969697
[6679	8236]	378	1.1	5.727272727
[6679	6205]	304	1.1	4.606060606
[6679	6686]	276	1.1	4.181818182
[6679	8643]	402	1.1	6.090909091
[6679	11087]	676	1.1	10.24242424
[6679	14140]	486	1.1	7.363636364
[6679	15728]	644	1.1	9.757575758
[6679	18089]	538	1.1	8.151515152
[6679	24352]	688	1.1	10.42424242
[6679	23742]	670	1.1	10.15151515
[6679	23411]	708	1.1	10.72727273
[6679	24027]	710	1.1	10.75757576
[6679	23295]	680	1.1	10.3030303
[6679	28619]	858	1.1	13
[6679	32746]	1426	1.1	21.60606061
[4626	8211]	148	1.1	2.242424242
[4626	7823]	130	1.1	1.96969697
[4626	6679]	142	1.1	2.151515152
[4626	7671]	106	1.1	1.606060606
[4626	1592]	388	1.1	5.878787879
[4626	1813]	350	1.1	5.303030303
[4626	8169]	472	1.1	7.151515152
[4626	10635]	590	1.1	8.939393939
[4626	8236]	460	1.1	6.96969697
[4626	6205]	402	1.1	6.090909091
[4626	6686]	374	1.1	5.666666667
[4626	8643]	490	1.1	7.424242424
[4626	11087]	758	1.1	11.48484848
[4626	14140]	568	1.1	8.606060606
[4626	15728]	726	1.1	11
[4626	18089]	620	1.1	9.393939394
[4626	24352]	770	1.1	11.66666667
[4626	23742]	752	1.1	11.39393939
[4626	23411]	790	1.1	11.96969697
[4626	24027]	792	1.1	12
[4626	23295]	762	1.1	11.54545455
[4626	28619]	940	1.1	14.24242424
[4626	32746]	1508	1.1	22.84848485
[7671	8211]	114	1.1	1.727272727
[7671	7823]	96	1.1	1.454545455
[7671	6679]	108	1.1	1.636363636
[7671	4626]	106	1.1	1.606060606
[7671	1592]	354	1.1	5.363636364
[7671	1813]	316	1.1	4.787878788
[7671	8169]	438	1.1	6.636363636
[7671	10635]	556	1.1	8.424242424
[7671	8236]	426	1.1	6.454545455
[7671	6205]	368	1.1	5.575757576
[7671	6686]	340	1.1	5.151515152
[7671	8643]	456	1.1	6.909090909
[7671	11087]	724	1.1	10.96969697
[7671	14140]	534	1.1	8.090909091
[7671	15728]	692	1.1	10.48484848
[7671	18089]	586	1.1	8.878787879
[7671	24352]	736	1.1	11.15151515
[7671	23742]	718	1.1	10.87878788
[7671	23411]	756	1.1	11.45454545
[7671	24027]	758	1.1	11.48484848
[7671	23295]	728	1.1	11.03030303
[7671	28619]	906	1.1	13.72727273
[7671	32746]	1474	1.1	22.33333333
[1592	8211]	376	1.1	5.696969697
[1592	7823]	290	1.1	4.393939394
[1592	6679]	290	1.1	4.393939394
[1592	4626]	388	1.1	5.878787879
[1592	7671]	354	1.1	5.363636364
[1592	1813]	46	1.1	0.696969697
[1592	8169]	244	1.1	3.696969697
[1592	10635]	432	1.1	6.545454545
[1592	8236]	266	1.1	4.03030303
[1592	6205]	174	1.1	2.636363636
[1592	6686]	150	1.1	2.272727273
[1592	8643]	272	1.1	4.121212121
[1592	11087]	672	1.1	10.18181818
[1592	14140]	482	1.1	7.303030303
[1592	15728]	640	1.1	9.696969697
[1592	18089]	784	1.1	11.87878788
[1592	24352]	928	1.1	14.06060606
[1592	23742]	910	1.1	13.78787879
[1592	23411]	708	1.1	10.72727273
[1592	24027]	822	1.1	12.45454545
[1592	23295]	792	1.1	12
[1592	28619]	1102	1.1	16.6969697
[1592	32746]	1670	1.1	25.3030303
[1813	8211]	338	1.1	5.121212121
[1813	7823]	252	1.1	3.818181818
[1813	6679]	252	1.1	3.818181818
[1813	4626]	350	1.1	5.303030303
[1813	7671]	316	1.1	4.787878788
[1813	1592]	46	1.1	0.696969697
[1813	8169]	250	1.1	3.787878788
[1813	10635]	438	1.1	6.636363636
[1813	8236]	272	1.1	4.121212121
[1813	6205]	180	1.1	2.727272727
[1813	6686]	152	1.1	2.303030303
[1813	8643]	278	1.1	4.212121212
[1813	11087]	678	1.1	10.27272727
[1813	14140]	488	1.1	7.393939394
[1813	15728]	646	1.1	9.787878788
[1813	18089]	746	1.1	11.3030303
[1813	24352]	896	1.1	13.57575758
[1813	23742]	878	1.1	13.3030303
[1813	23411]	714	1.1	10.81818182
[1813	24027]	828	1.1	12.54545455
[1813	23295]	798	1.1	12.09090909
[1813	28619]	1066	1.1	16.15151515
[1813	32746]	1634	1.1	24.75757576
[8169	8211]	446	1.1	6.757575758
[8169	7823]	364	1.1	5.515151515
[8169	6679]	374	1.1	5.666666667
[8169	4626]	472	1.1	7.151515152
[8169	7671]	438	1.1	6.636363636
[8169	1592]	244	1.1	3.696969697
[8169	1813]	250	1.1	3.787878788
[8169	10635]	204	1.1	3.090909091
[8169	8236]	62	1.1	0.939393939
[8169	6205]	110	1.1	1.666666667
[8169	6686]	106	1.1	1.606060606
[8169	8643]	44	1.1	0.666666667
[8169	11087]	444	1.1	6.727272727
[8169	14140]	254	1.1	3.848484848
[8169	15728]	412	1.1	6.242424242
[8169	18089]	614	1.1	9.303030303
[8169	24352]	724	1.1	10.96969697
[8169	23742]	706	1.1	10.6969697
[8169	23411]	492	1.1	7.454545455
[8169	24027]	606	1.1	9.181818182
[8169	23295]	576	1.1	8.727272727
[8169	28619]	898	1.1	13.60606061
[8169	32746]	1466	1.1	22.21212121
[10635	8211]	546	1.1	8.272727273
[10635	7823]	464	1.1	7.03030303
[10635	6679]	508	1.1	7.696969697
[10635	4626]	590	1.1	8.939393939
[10635	7671]	556	1.1	8.424242424
[10635	1592]	432	1.1	6.545454545
[10635	1813]	438	1.1	6.636363636
[10635	8169]	204	1.1	3.090909091
[10635	8236]	226	1.1	3.424242424
[10635	6205]	298	1.1	4.515151515
[10635	6686]	294	1.1	4.454545455
[10635	8643]	192	1.1	2.909090909
[10635	11087]	364	1.1	5.515151515
[10635	14140]	174	1.1	2.636363636
[10635	15728]	332	1.1	5.03030303
[10635	18089]	634	1.1	9.606060606
[10635	24352]	664	1.1	10.06060606
[10635	23742]	646	1.1	9.787878788
[10635	23411]	428	1.1	6.484848485
[10635	24027]	542	1.1	8.212121212
[10635	23295]	512	1.1	7.757575758
[10635	28619]	838	1.1	12.6969697
[10635	32746]	1406	1.1	21.3030303
[8236	8211]	416	1.1	6.303030303
[8236	7823]	334	1.1	5.060606061
[8236	6679]	378	1.1	5.727272727
[8236	4626]	460	1.1	6.96969697
[8236	7671]	426	1.1	6.454545455
[8236	1592]	266	1.1	4.03030303
[8236	1813]	272	1.1	4.121212121
[8236	8169]	62	1.1	0.939393939
[8236	10635]	226	1.1	3.424242424
[8236	6205]	132	1.1	2
[8236	6686]	128	1.1	1.939393939
[8236	8643]	66	1.1	1
[8236	11087]	466	1.1	7.060606061
[8236	14140]	276	1.1	4.181818182
[8236	15728]	434	1.1	6.575757576
[8236	18089]	584	1.1	8.848484848
[8236	24352]	694	1.1	10.51515152
[8236	23742]	676	1.1	10.24242424
[8236	23411]	502	1.1	7.606060606
[8236	24027]	616	1.1	9.333333333
[8236	23295]	586	1.1	8.878787879
[8236	28619]	868	1.1	13.15151515
[8236	32746]	1436	1.1	21.75757576
[6205	8211]	390	1.1	5.909090909
[6205	7823]	304	1.1	4.606060606
[6205	6679]	304	1.1	4.606060606
[6205	4626]	402	1.1	6.090909091
[6205	7671]	368	1.1	5.575757576
[6205	1592]	174	1.1	2.636363636
[6205	1813]	180	1.1	2.727272727
[6205	8169]	110	1.1	1.666666667
[6205	10635]	298	1.1	4.515151515
[6205	8236]	132	1.1	2
[6205	6686]	48	1.1	0.727272727
[6205	8643]	138	1.1	2.090909091
[6205	11087]	538	1.1	8.151515152
[6205	14140]	348	1.1	5.272727273
[6205	15728]	506	1.1	7.666666667
[6205	18089]	684	1.1	10.36363636
[6205	24352]	794	1.1	12.03030303
[6205	23742]	776	1.1	11.75757576
[6205	23411]	574	1.1	8.696969697
[6205	24027]	688	1.1	10.42424242
[6205	23295]	658	1.1	9.96969697
[6205	28619]	968	1.1	14.66666667
[6205	32746]	1536	1.1	23.27272727
[6686	8211]	362	1.1	5.484848485
[6686	7823]	276	1.1	4.181818182
[6686	6679]	276	1.1	4.181818182
[6686	4626]	374	1.1	5.666666667
[6686	7671]	340	1.1	5.151515152
[6686	1592]	150	1.1	2.272727273
[6686	1813]	152	1.1	2.303030303
[6686	8169]	106	1.1	1.606060606
[6686	10635]	294	1.1	4.454545455
[6686	8236]	128	1.1	1.939393939
[6686	6205]	48	1.1	0.727272727
[6686	8643]	134	1.1	2.03030303
[6686	11087]	534	1.1	8.090909091
[6686	14140]	344	1.1	5.212121212
[6686	15728]	502	1.1	7.606060606
[6686	18089]	680	1.1	10.3030303
[6686	24352]	790	1.1	11.96969697
[6686	23742]	772	1.1	11.6969697
[6686	23411]	570	1.1	8.636363636
[6686	24027]	684	1.1	10.36363636
[6686	23295]	654	1.1	9.909090909
[6686	28619]	964	1.1	14.60606061
[6686	32746]	1532	1.1	23.21212121
[8643	8211]	446	1.1	6.757575758
[8643	7823]	364	1.1	5.515151515
[8643	6679]	402	1.1	6.090909091
[8643	4626]	490	1.1	7.424242424
[8643	7671]	456	1.1	6.909090909
[8643	1592]	272	1.1	4.121212121
[8643	1813]	278	1.1	4.212121212
[8643	8169]	44	1.1	0.666666667
[8643	10635]	192	1.1	2.909090909
[8643	8236]	66	1.1	1
[8643	6205]	138	1.1	2.090909091
[8643	6686]	134	1.1	2.03030303
[8643	11087]	432	1.1	6.545454545
[8643	14140]	242	1.1	3.666666667
[8643	15728]	400	1.1	6.060606061
[8643	18089]	614	1.1	9.303030303
[8643	24352]	716	1.1	10.84848485
[8643	23742]	698	1.1	10.57575758
[8643	23411]	480	1.1	7.272727273
[8643	24027]	594	1.1	9
[8643	23295]	564	1.1	8.545454545
[8643	28619]	890	1.1	13.48484848
[8643	32746]	1458	1.1	22.09090909
[11087	8211]	714	1.1	10.81818182
[11087	7823]	632	1.1	9.575757576
[11087	6679]	676	1.1	10.24242424
[11087	4626]	758	1.1	11.48484848
[11087	7671]	724	1.1	10.96969697
[11087	1592]	672	1.1	10.18181818
[11087	1813]	678	1.1	10.27272727
[11087	8169]	444	1.1	6.727272727
[11087	10635]	364	1.1	5.515151515
[11087	8236]	466	1.1	7.060606061
[11087	6205]	538	1.1	8.151515152
[11087	6686]	534	1.1	8.090909091
[11087	8643]	432	1.1	6.545454545
[11087	14140]	194	1.1	2.939393939
[11087	15728]	120	1.1	1.818181818
[11087	18089]	758	1.1	11.48484848
[11087	24352]	780	1.1	11.81818182
[11087	23742]	762	1.1	11.54545455
[11087	23411]	544	1.1	8.242424242
[11087	24027]	658	1.1	9.96969697
[11087	23295]	628	1.1	9.515151515
[11087	28619]	954	1.1	14.45454545
[11087	32746]	1522	1.1	23.06060606
[14140	8211]	524	1.1	7.939393939
[14140	7823]	442	1.1	6.696969697
[14140	6679]	486	1.1	7.363636364
[14140	4626]	568	1.1	8.606060606
[14140	7671]	534	1.1	8.090909091
[14140	1592]	482	1.1	7.303030303
[14140	1813]	488	1.1	7.393939394
[14140	8169]	254	1.1	3.848484848
[14140	10635]	174	1.1	2.636363636
[14140	8236]	276	1.1	4.181818182
[14140	6205]	348	1.1	5.272727273
[14140	6686]	344	1.1	5.212121212
[14140	8643]	242	1.1	3.666666667
[14140	11087]	194	1.1	2.939393939
[14140	15728]	162	1.1	2.454545455
[14140	18089]	572	1.1	8.666666667
[14140	24352]	598	1.1	9.060606061
[14140	23742]	580	1.1	8.787878788
[14140	23411]	362	1.1	5.484848485
[14140	24027]	476	1.1	7.212121212
[14140	23295]	446	1.1	6.757575758
[14140	28619]	772	1.1	11.6969697
[14140	32746]	1340	1.1	20.3030303
[15728	8211]	682	1.1	10.33333333
[15728	7823]	600	1.1	9.090909091
[15728	6679]	644	1.1	9.757575758
[15728	4626]	726	1.1	11
[15728	7671]	692	1.1	10.48484848
[15728	1592]	640	1.1	9.696969697
[15728	1813]	646	1.1	9.787878788
[15728	8169]	412	1.1	6.242424242
[15728	10635]	332	1.1	5.03030303
[15728	8236]	434	1.1	6.575757576
[15728	6205]	506	1.1	7.666666667
[15728	6686]	502	1.1	7.606060606
[15728	8643]	400	1.1	6.060606061
[15728	11087]	120	1.1	1.818181818
[15728	14140]	162	1.1	2.454545455
[15728	18089]	718	1.1	10.87878788
[15728	24352]	740	1.1	11.21212121
[15728	23742]	722	1.1	10.93939394
[15728	23411]	504	1.1	7.636363636
[15728	24027]	618	1.1	9.363636364
[15728	23295]	588	1.1	8.909090909
[15728	28619]	914	1.1	13.84848485
[15728	32746]	1482	1.1	22.45454545
[18089	8211]	576	1.1	8.727272727
[18089	7823]	494	1.1	7.484848485
[18089	6679]	538	1.1	8.151515152
[18089	4626]	620	1.1	9.393939394
[18089	7671]	586	1.1	8.878787879
[18089	1592]	784	1.1	11.87878788
[18089	1813]	746	1.1	11.3030303
[18089	8169]	614	1.1	9.303030303
[18089	10635]	634	1.1	9.606060606
[18089	8236]	584	1.1	8.848484848
[18089	6205]	684	1.1	10.36363636
[18089	6686]	680	1.1	10.3030303
[18089	8643]	614	1.1	9.303030303
[18089	11087]	758	1.1	11.48484848
[18089	14140]	572	1.1	8.666666667
[18089	15728]	718	1.1	10.87878788
[18089	24352]	218	1.1	3.303030303
[18089	23742]	200	1.1	3.03030303
[18089	23411]	710	1.1	10.75757576
[18089	24027]	420	1.1	6.363636364
[18089	23295]	390	1.1	5.909090909
[18089	28619]	364	1.1	5.515151515
[18089	32746]	932	1.1	14.12121212
[24352	8211]	726	1.1	11
[24352	7823]	644	1.1	9.757575758
[24352	6679]	688	1.1	10.42424242
[24352	4626]	770	1.1	11.66666667
[24352	7671]	736	1.1	11.15151515
[24352	1592]	928	1.1	14.06060606
[24352	1813]	896	1.1	13.57575758
[24352	8169]	724	1.1	10.96969697
[24352	10635]	664	1.1	10.06060606
[24352	8236]	694	1.1	10.51515152
[24352	6205]	794	1.1	12.03030303
[24352	6686]	790	1.1	11.96969697
[24352	8643]	716	1.1	10.84848485
[24352	11087]	780	1.1	11.81818182
[24352	14140]	598	1.1	9.060606061
[24352	15728]	740	1.1	11.21212121
[24352	18089]	218	1.1	3.303030303
[24352	23742]	18	1.1	0.272727273
[24352	23411]	684	1.1	10.36363636
[24352	24027]	394	1.1	5.96969697
[24352	23295]	364	1.1	5.515151515
[24352	28619]	174	1.1	2.636363636
[24352	32746]	842	1.1	12.75757576
[23742	8211]	708	1.1	10.72727273
[23742	7823]	626	1.1	9.484848485
[23742	6679]	670	1.1	10.15151515
[23742	4626]	752	1.1	11.39393939
[23742	7671]	718	1.1	10.87878788
[23742	1592]	910	1.1	13.78787879
[23742	1813]	878	1.1	13.3030303
[23742	8169]	706	1.1	10.6969697
[23742	10635]	646	1.1	9.787878788
[23742	8236]	676	1.1	10.24242424
[23742	6205]	776	1.1	11.75757576
[23742	6686]	772	1.1	11.6969697
[23742	8643]	698	1.1	10.57575758
[23742	11087]	762	1.1	11.54545455
[23742	14140]	580	1.1	8.787878788
[23742	15728]	722	1.1	10.93939394
[23742	18089]	200	1.1	3.03030303
[23742	24352]	18	1.1	0.272727273
[23742	23411]	666	1.1	10.09090909
[23742	24027]	376	1.1	5.696969697
[23742	23295]	346	1.1	5.242424242
[23742	28619]	192	1.1	2.909090909
[23742	32746]	860	1.1	13.03030303
[23411	8211]	746	1.1	11.3030303
[23411	7823]	664	1.1	10.06060606
[23411	6679]	708	1.1	10.72727273
[23411	4626]	790	1.1	11.96969697
[23411	7671]	756	1.1	11.45454545
[23411	1592]	708	1.1	10.72727273
[23411	1813]	714	1.1	10.81818182
[23411	8169]	492	1.1	7.454545455
[23411	10635]	428	1.1	6.484848485
[23411	8236]	502	1.1	7.606060606
[23411	6205]	574	1.1	8.696969697
[23411	6686]	570	1.1	8.636363636
[23411	8643]	480	1.1	7.272727273
[23411	11087]	544	1.1	8.242424242
[23411	14140]	362	1.1	5.484848485
[23411	15728]	504	1.1	7.636363636
[23411	18089]	710	1.1	10.75757576
[23411	24352]	684	1.1	10.36363636
[23411	23742]	666	1.1	10.09090909
[23411	24027]	514	1.1	7.787878788
[23411	23295]	484	1.1	7.333333333
[23411	28619]	858	1.1	13
[23411	32746]	1426	1.1	21.60606061
[24027	8211]	748	1.1	11.33333333
[24027	7823]	666	1.1	10.09090909
[24027	6679]	710	1.1	10.75757576
[24027	4626]	792	1.1	12
[24027	7671]	758	1.1	11.48484848
[24027	1592]	822	1.1	12.45454545
[24027	1813]	828	1.1	12.54545455
[24027	8169]	606	1.1	9.181818182
[24027	10635]	542	1.1	8.212121212
[24027	8236]	616	1.1	9.333333333
[24027	6205]	688	1.1	10.42424242
[24027	6686]	684	1.1	10.36363636
[24027	8643]	594	1.1	9
[24027	11087]	658	1.1	9.96969697
[24027	14140]	476	1.1	7.212121212
[24027	15728]	618	1.1	9.363636364
[24027	18089]	420	1.1	6.363636364
[24027	24352]	394	1.1	5.96969697
[24027	23742]	376	1.1	5.696969697
[24027	23411]	514	1.1	7.787878788
[24027	23295]	30	1.1	0.454545455
[24027	28619]	452	1.1	6.848484848
[24027	32746]	1136	1.1	17.21212121
[23295	8211]	718	1.1	10.87878788
[23295	7823]	636	1.1	9.636363636
[23295	6679]	680	1.1	10.3030303
[23295	4626]	762	1.1	11.54545455
[23295	7671]	728	1.1	11.03030303
[23295	1592]	792	1.1	12
[23295	1813]	798	1.1	12.09090909
[23295	8169]	576	1.1	8.727272727
[23295	10635]	512	1.1	7.757575758
[23295	8236]	586	1.1	8.878787879
[23295	6205]	658	1.1	9.96969697
[23295	6686]	654	1.1	9.909090909
[23295	8643]	564	1.1	8.545454545
[23295	11087]	628	1.1	9.515151515
[23295	14140]	446	1.1	6.757575758
[23295	15728]	588	1.1	8.909090909
[23295	18089]	390	1.1	5.909090909
[23295	24352]	364	1.1	5.515151515
[23295	23742]	346	1.1	5.242424242
[23295	23411]	484	1.1	7.333333333
[23295	24027]	30	1.1	0.454545455
[23295	28619]	458	1.1	6.939393939
[23295	32746]	1106	1.1	16.75757576
[28619	8211]	896	1.1	13.57575758
[28619	7823]	814	1.1	12.33333333
[28619	6679]	858	1.1	13
[28619	4626]	940	1.1	14.24242424
[28619	7671]	906	1.1	13.72727273
[28619	1592]	1102	1.1	16.6969697
[28619	1813]	1066	1.1	16.15151515
[28619	8169]	898	1.1	13.60606061
[28619	10635]	838	1.1	12.6969697
[28619	8236]	868	1.1	13.15151515
[28619	6205]	968	1.1	14.66666667
[28619	6686]	964	1.1	14.60606061
[28619	8643]	890	1.1	13.48484848
[28619	11087]	954	1.1	14.45454545
[28619	14140]	772	1.1	11.6969697
[28619	15728]	914	1.1	13.84848485
[28619	18089]	364	1.1	5.515151515
[28619	24352]	174	1.1	2.636363636
[28619	23742]	192	1.1	2.909090909
[28619	23411]	858	1.1	13
[28619	24027]	452	1.1	6.848484848
[28619	23295]	458	1.1	6.939393939
[28619	32746]	956	1.1	14.48484848
[32746	8211]	1464	1.1	22.18181818
[32746	7823]	1382	1.1	20.93939394
[32746	6679]	1426	1.1	21.60606061
[32746	4626]	1508	1.1	22.84848485
[32746	7671]	1474	1.1	22.33333333
[32746	1592]	1670	1.1	25.3030303
[32746	1813]	1634	1.1	24.75757576
[32746	8169]	1466	1.1	22.21212121
[32746	10635]	1406	1.1	21.3030303
[32746	8236]	1436	1.1	21.75757576
[32746	6205]	1536	1.1	23.27272727
[32746	6686]	1532	1.1	23.21212121
[32746	8643]	1458	1.1	22.09090909
[32746	11087]	1522	1.1	23.06060606
[32746	14140]	1340	1.1	20.3030303
[32746	15728]	1482	1.1	22.45454545
[32746	18089]	932	1.1	14.12121212
[32746	24352]	842	1.1	12.75757576
[32746	23742]	860	1.1	13.03030303
[32746	23411]	1426	1.1	21.60606061
[32746	24027]	1136	1.1	17.21212121
[32746	23295]	1106	1.1	16.75757576
[32746	28619]	956	1.1	14.48484848
