
0.05 0.30 +1.24070409479587
0.05 0.40 +1.33616838051021
0.05 0.50 +1.43163266622444
0.05 0.60 +1.52709694734680
0.05 0.70 +1.62256123765303
0.05 0.80 +1.71802552336742
0.05 0.90 +1.81348981367347
0.05 1.00 +1.90895409479594

0.10 0.30 +1.19731123765284
0.10 0.40 +1.27831123765307
0.10 0.50 +1.35931123765300
0.10 0.60 +1.44031122846928
0.10 0.70 +1.52131123765302
0.10 0.80 +1.60231123765304
0.10 0.90 +1.68331124683670
0.10 1.00 +1.76431123765295

0.15 0.30 +1.15391838051022
0.15 0.40 +1.22045409479592
0.15 0.50 +1.28698980908160
0.15 0.60 +1.35352550959195
0.15 0.70 +1.42006123765305
0.15 0.80 +1.48659695193871
0.15 0.90 +1.55313267999989
0.15 1.00 +1.61966838051028

0.20 0.30 +1.11052552336724
0.20 0.40 +1.16259695193878
0.20 0.50 +1.21466838051011
0.20 0.60 +1.26673979071416
0.20 0.70 +1.31881123765305
0.20 0.80 +1.37088266622457
0.20 0.90 +1.42295411316319
0.20 1.00 +1.47502552336733

0.25 0.30 +1.06713266622445
0.25 0.40 +1.10473980908152
0.25 0.50 +1.14234695193863
0.25 0.60 +1.17995407183663
0.25 0.70 +1.21756123765308
0.25 0.80 +1.25516838051027
0.25 0.90 +1.29277554632650
0.25 1.00 +1.33038266622446

0.30 0.30 +1.02373980908148
0.30 0.40 +1.04688266622440
0.30 0.50 +1.07002552336725
0.30 0.60 +1.09316835295921
0.30 0.70 +1.11631123765295
0.30 0.80 +1.13945409479587
0.30 0.90 +1.16259697949008
0.30 1.00 +1.18573980908162

0.05 0.30 +1.24070409479587
0.10 0.30 +1.19731123765284
0.15 0.30 +1.15391838051022
0.20 0.30 +1.11052552336724
0.25 0.30 +1.06713266622445
0.30 0.30 +1.02373980908148

0.05 0.40 +1.33616838051021
0.10 0.40 +1.27831123765307
0.15 0.40 +1.22045409479592
0.20 0.40 +1.16259695193878
0.25 0.40 +1.10473980908152
0.30 0.40 +1.04688266622440

0.05 0.50 +1.43163266622444
0.10 0.50 +1.35931123765300
0.15 0.50 +1.28698980908160
0.20 0.50 +1.21466838051011
0.25 0.50 +1.14234695193863
0.30 0.50 +1.07002552336725

0.05 0.60 +1.52709694734680
0.10 0.60 +1.44031122846928
0.15 0.60 +1.35352550959195
0.20 0.60 +1.26673979071416
0.25 0.60 +1.17995407183663
0.30 0.60 +1.09316835295921

0.05 0.70 +1.62256123765303
0.10 0.70 +1.52131123765302
0.15 0.70 +1.42006123765305
0.20 0.70 +1.31881123765305
0.25 0.70 +1.21756123765308
0.30 0.70 +1.11631123765295

0.05 0.80 +1.71802552336742
0.10 0.80 +1.60231123765304
0.15 0.80 +1.48659695193871
0.20 0.80 +1.37088266622457
0.25 0.80 +1.25516838051027
0.30 0.80 +1.13945409479587

0.05 0.90 +1.81348981367347
0.10 0.90 +1.68331124683670
0.15 0.90 +1.55313267999989
0.20 0.90 +1.42295411316319
0.25 0.90 +1.29277554632650
0.30 0.90 +1.16259697949008

0.05 1.00 +1.90895409479594
0.10 1.00 +1.76431123765295
0.15 1.00 +1.61966838051028
0.20 1.00 +1.47502552336733
0.25 1.00 +1.33038266622446
0.30 1.00 +1.18573980908162
