

0.05 0.40 +1.93056719571950
0.05 0.50 +2.00288862431450
0.05 0.60 +2.07521004828894
0.05 0.70 +2.14753148142858
0.05 0.80 +2.21985291000001
0.05 0.90 +2.29217434316051
0.05 1.00 +2.36449576714002

0.10 0.30 +1.81485290999729
0.10 0.40 +1.87271005285427
0.10 0.50 +1.93056719571196
0.10 0.60 +1.91958890706573
0.10 0.70 +1.64128148142570
0.10 0.80 +2.10413862428716
0.10 0.90 +2.16199577632366
0.10 1.00 +2.21985290999716

0.15 0.30 +1.77146005285443
0.15 0.40 +1.81485291000000

0.15 0.60 +1.90163861051270
0.15 0.70 +1.94503148142858
0.15 0.80 +1.98842433857144
0.15 0.90 +2.03181720949549


0.20 0.30 +1.72806719571429
0.20 0.40 +1.75699576714014
0.20 0.50 +1.78592433859819
0.20 0.60 +1.81485289163768
0.20 0.70 +1.84378148142859
0.20 0.80 +1.84584782652790
0.20 0.90 +1.90163864265023
0.20 1.00 +1.93056719572819

0.25 0.30 +1.68467433857180
0.25 0.40 +1.68865466373938
0.25 0.50 +1.71360290999713
0.25 0.60 +1.72806717275897
0.25 0.70 +1.74253148142577
0.25 0.80 +1.75699576715226
0.25 0.90 +1.77146007582131


0.30 0.30 +1.43688966124202
0.30 0.40 +1.64128148142861

0.30 0.60 +1.64128148142858
0.30 0.70 +1.64128148142858

0.30 0.90 +1.64128150897750
0.30 1.00 +1.64128148142586


0.10 0.30 +1.81485290999729
0.15 0.30 +1.77146005285443
0.20 0.30 +1.72806719571429
0.25 0.30 +1.68467433857180
0.30 0.30 +1.43688966124202

0.05 0.40 +1.93056719571950
0.10 0.40 +1.87271005285427
0.15 0.40 +1.81485291000000
0.20 0.40 +1.75699576714014
0.25 0.40 +1.68865466373938
0.30 0.40 +1.64128148142861

0.05 0.50 +2.00288862431450
0.10 0.50 +1.93056719571196

0.20 0.50 +1.78592433859819
0.25 0.50 +1.71360290999713


0.05 0.60 +2.07521004828894
0.10 0.60 +1.91958890706573
0.15 0.60 +1.90163861051270
0.20 0.60 +1.81485289163768
0.25 0.60 +1.72806717275897
0.30 0.60 +1.64128148142858

0.05 0.70 +2.14753148142858
0.10 0.70 +1.64128148142570
0.15 0.70 +1.94503148142858
0.20 0.70 +1.84378148142859
0.25 0.70 +1.74253148142577
0.30 0.70 +1.64128148142858

0.05 0.80 +2.21985291000001
0.10 0.80 +2.10413862428716
0.15 0.80 +1.98842433857144
0.20 0.80 +1.84584782652790
0.25 0.80 +1.75699576715226


0.05 0.90 +2.29217434316051
0.10 0.90 +2.16199577632366
0.15 0.90 +2.03181720949549
0.20 0.90 +1.90163864265023
0.25 0.90 +1.77146007582131
0.30 0.90 +1.64128150897750

0.05 1.00 +2.36449576714002
0.10 1.00 +2.21985290999716

0.20 1.00 +1.93056719572819

0.30 1.00 +1.64128148142586
