
0.05 0.30 +1.62561905897948
0.05 0.40 +1.70951191612245
0.05 0.50 +1.76199332104993
0.05 0.60 +1.87729762581646
0.05 0.70 +1.96119048755099
0.05 0.80 +2.04508334469359
0.05 0.90 +2.12897620642869
0.05 1.00 +2.21286905897985

0.10 0.30 +1.58222620183670
0.10 0.40 +1.63519872424970
0.10 0.50 +1.72108334469392
0.10 0.60 +1.79051190693943
0.10 0.70 +1.85994048755099
0.10 0.80 +1.92936905897970
0.10 0.90 +1.99879763959184
0.10 1.00 +2.06822620183724

0.15 0.30 +1.53883334469399
0.15 0.40 +1.59379763040841
0.15 0.50 +1.64876191612223
0.15 0.60 +1.70372618806162
0.15 0.70 +1.75869048755099
0.15 0.80 +1.81365477326527
0.15 0.90 +1.86861907275605
0.15 1.00 +1.92358334469402

0.20 0.30 +1.48114727024203
0.20 0.40 +1.53594048755098
0.20 0.50 +1.57644048755089
0.20 0.60 +1.61694046918371
0.20 0.70 +1.65744048755084
0.20 0.80 +1.69794048755192
0.20 0.90 +1.73844050591885
0.20 1.00 +1.77894048755149

0.25 0.30 +1.42063617819275
0.25 0.40 +1.44667189247857
0.25 0.50 +1.49089959222330
0.25 0.60 +1.53015475030655
0.25 0.70 +1.55619048755103
0.25 0.80 +1.58222620183670
0.25 0.90 +1.60826193908396
0.25 1.00 +1.63429763040830

0.30 0.30 +1.38362405042774

0.30 0.50 +1.40365815390680
0.30 0.60 +1.42263330739365
0.30 0.70 +1.43563643432868
0.30 0.80 +1.44863953030385
0.30 0.90 +1.45567056876772
0.30 1.00 +1.47464572225448

0.05 0.30 +1.62561905897948
0.10 0.30 +1.58222620183670
0.15 0.30 +1.53883334469399
0.20 0.30 +1.48114727024203
0.25 0.30 +1.42063617819275
0.30 0.30 +1.38362405042774

0.05 0.40 +1.70951191612245
0.10 0.40 +1.63519872424970
0.15 0.40 +1.59379763040841
0.20 0.40 +1.53594048755098
0.25 0.40 +1.44667189247857


0.05 0.50 +1.76199332104993
0.10 0.50 +1.72108334469392
0.15 0.50 +1.64876191612223
0.20 0.50 +1.57644048755089
0.25 0.50 +1.49089959222330
0.30 0.50 +1.40365815390680

0.05 0.60 +1.87729762581646
0.10 0.60 +1.79051190693943
0.15 0.60 +1.70372618806162
0.20 0.60 +1.61694046918371
0.25 0.60 +1.53015475030655
0.30 0.60 +1.42263330739365

0.05 0.70 +1.96119048755099
0.10 0.70 +1.85994048755099
0.15 0.70 +1.75869048755099
0.20 0.70 +1.65744048755084
0.25 0.70 +1.55619048755103
0.30 0.70 +1.43563643432868

0.05 0.80 +2.04508334469359
0.10 0.80 +1.92936905897970
0.15 0.80 +1.81365477326527
0.20 0.80 +1.69794048755192
0.25 0.80 +1.58222620183670
0.30 0.80 +1.44863953030385

0.05 0.90 +2.12897620642869
0.10 0.90 +1.99879763959184
0.15 0.90 +1.86861907275605
0.20 0.90 +1.73844050591885
0.25 0.90 +1.60826193908396
0.30 0.90 +1.45567056876772

0.05 1.00 +2.21286905897985
0.10 1.00 +2.06822620183724
0.15 1.00 +1.92358334469402
0.20 1.00 +1.77894048755149
0.25 1.00 +1.63429763040830
0.30 1.00 +1.47464572225448
