
0.05 0.30 +1.44267973500018
0.05 0.40 +1.67897853035360

0.05 0.60 +1.85713318591240
0.05 0.70 +1.95865710000025
0.05 0.80 +1.37140710000004
0.05 0.90 +2.12644281887758
0.05 1.00 +2.11879593642860

0.10 0.30 +1.54022528692173
0.10 0.40 +1.60784599244249
0.10 0.50 +1.69828285714284
0.10 0.60 +1.78797851938785
0.10 0.70 +1.82940710178217
0.10 0.80 +1.91358920084036
0.10 0.90 +1.99626425204085
0.10 1.00 +2.03769281606789

0.15 0.30 +1.43034588470412
0.15 0.40 +1.29637793785718
0.15 0.50 +1.62329858993763
0.15 0.60 +1.44795183029445
0.15 0.70 +1.72815710178254
0.15 0.80 +1.78312138749646
0.15 0.90 +1.86608568520426
0.15 1.00 +1.78737640336074

0.20 0.30 +1.46490710178217
0.20 0.40 +1.50540710178217
0.20 0.50 +1.55280478902519
0.20 0.60 +1.59223347610440

0.20 0.80 +1.66740710178226
0.20 0.90 +1.64436738336738
0.20 1.00 +1.77640710000003

0.25 0.30 +1.42151424463931
0.25 0.40 +1.43181176327661
0.25 0.50 +1.46965827645979
0.25 0.60 +1.49962136453742
0.25 0.70 +1.53108331687361
0.25 0.80 +1.55431014803100
0.25 0.90 +1.57772855331293
0.25 1.00 +1.61173814070694

0.30 0.30 +1.37150987148966
0.30 0.40 +1.38969281606786
0.30 0.50 +1.39093792198937
0.30 0.60 +1.41189013199688
0.30 0.70 +1.42440710178218
0.30 0.80 +1.43452006690819
0.30 0.90 +1.44854726668761
0.30 1.00 +1.45912138749707

0.05 0.30 +1.44267973500018
0.10 0.30 +1.54022528692173
0.15 0.30 +1.43034588470412
0.20 0.30 +1.46490710178217
0.25 0.30 +1.42151424463931
0.30 0.30 +1.37150987148966

0.05 0.40 +1.67897853035360
0.10 0.40 +1.60784599244249
0.15 0.40 +1.29637793785718
0.20 0.40 +1.50540710178217
0.25 0.40 +1.43181176327661
0.30 0.40 +1.38969281606786


0.10 0.50 +1.69828285714284
0.15 0.50 +1.62329858993763
0.20 0.50 +1.55280478902519
0.25 0.50 +1.46965827645979
0.30 0.50 +1.39093792198937

0.05 0.60 +1.85713318591240
0.10 0.60 +1.78797851938785
0.15 0.60 +1.44795183029445
0.20 0.60 +1.59223347610440
0.25 0.60 +1.49962136453742
0.30 0.60 +1.41189013199688

0.05 0.70 +1.95865710000025
0.10 0.70 +1.82940710178217
0.15 0.70 +1.72815710178254

0.25 0.70 +1.53108331687361
0.30 0.70 +1.42440710178218

0.05 0.80 +1.37140710000004
0.10 0.80 +1.91358920084036
0.15 0.80 +1.78312138749646
0.20 0.80 +1.66740710178226
0.25 0.80 +1.55431014803100
0.30 0.80 +1.43452006690819

0.05 0.90 +2.12644281887758
0.10 0.90 +1.99626425204085
0.15 0.90 +1.86608568520426
0.20 0.90 +1.64436738336738
0.25 0.90 +1.57772855331293
0.30 0.90 +1.44854726668761

0.05 1.00 +2.11879593642860
0.10 1.00 +2.03769281606789
0.15 1.00 +1.78737640336074
0.20 1.00 +1.77640710000003
0.25 1.00 +1.61173814070694
0.30 1.00 +1.45912138749707
