
0.05 0.30 +1.22372219941165e+005
0.05 0.40 +1.34995812214261e+005
0.05 0.50 +1.45699383642839e+005
0.05 0.60 +1.52891635675195e+005
0.05 0.70 +1.68160499999987e+005
0.05 0.80 +1.77706928571427e+005
0.05 0.90 +1.87253357602028e+005
0.05 1.00 +1.96799785714284e+005

0.10 0.30 -1.00000000000000e+020
0.10 0.40 +1.33426437803171e+005
0.10 0.50 +1.38467240785703e+005
0.10 0.60 +1.49162209259835e+005
0.10 0.70 +1.48881526499981e+005
0.10 0.80 +1.66135499999987e+005
0.10 0.90 +1.55927553918356e+005
0.10 1.00 +1.80148828121773e+005

0.15 0.30 -1.00000000000000e+020
0.15 0.40 +1.27176495892488e+005
0.15 0.50 +1.34603357142856e+005
0.15 0.60 +1.39045810836723e+005
0.15 0.70 +1.47910499999987e+005
0.15 0.80 +1.53790781606774e+005
0.15 0.90 +1.61217644234674e+005
0.15 1.00 -1.00000000000000e+020

0.20 0.30 +1.16730784435899e+005
0.20 0.40 +1.17638669357131e+005
0.20 0.50 +1.26956855894209e+005
0.20 0.60 +1.32578355306102e+005
0.20 0.70 +1.37785499999987e+005
0.20 0.80 +1.42992642857139e+005
0.20 0.90 +1.41072524051009e+005
0.20 1.00 +1.52633638749642e+005

0.25 0.30 +1.11844353035338e+005
0.25 0.40 +1.15605067321052e+005
0.25 0.50 +1.19686842491358e+005
0.25 0.60 +1.23126493596562e+005
0.25 0.70 +1.27500072331415e+005
0.25 0.80 +1.31421214285702e+005
0.25 0.90 +1.35181930867336e+005
0.25 1.00 +1.38942642857141e+005

0.30 0.30 +1.06429387799946e+005
0.30 0.40 +1.10079840193906e+005
0.30 0.50 +1.12133638749631e+005
0.30 0.60 +1.14560461286987e+005
0.30 0.70 +1.16481526499974e+005
0.30 0.80 +1.19076495892488e+005
0.30 0.90 +1.21907802575246e+005
0.30 1.00 +1.24356911478661e+005
