
0.05 0.30 +2.22053686040044e+005
0.05 0.40 +2.27595400697752e+005
0.05 0.50 +2.36383421928573e+005
0.05 0.60 +2.42541072673470e+005
0.05 0.70 +2.48616073133268e+005
0.05 0.80 +2.51549927911033e+005
0.05 0.90 +2.60766073591692e+005
0.05 1.00 +2.66841073132523e+005

0.10 0.30 +2.18762215796546e+005
0.10 0.40 +2.18974604689958e+005
0.10 0.50 +2.26092785053805e+005
0.10 0.60 +2.30721355564173e+005
0.10 0.70 +2.38491073132576e+005
0.10 0.80 +2.36721923572965e+005
0.10 0.90 +2.41465926465060e+005
0.10 1.00 +2.52376787418287e+005

0.15 0.30 +2.12240449905639e+005
0.15 0.40 +2.15678499339553e+005
0.15 0.50 +2.18860642196674e+005
0.15 0.70 +2.28366073132654e+005
0.15 0.80 +2.31548215989796e+005
0.15 0.90 +2.31589215002948e+005
0.15 1.00 +2.37912501704082e+005

0.20 0.50 +2.12046969755221e+005
0.20 0.60 +2.14861284941358e+005
0.20 0.70 +2.16811751401597e+005
0.20 0.80 +2.18331182516807e+005
0.20 0.90 +2.21712503540817e+005
0.20 1.00 +2.23448215989797e+005


0.25 0.40 +2.04824121648701e+005
0.25 0.60 +2.01579181092025e+005
0.25 0.70 +2.02343853443175e+005
0.25 0.80 +2.05759119822802e+005
0.25 0.90 +2.06409387558461e+005
0.25 1.00 +2.05924190207538e+005

0.30 0.30 +1.98660362988004e+005

0.30 0.50 +1.97523347654893e+005
0.30 0.60 +1.96306795959681e+005
0.30 0.80 +1.93857687056436e+005
0.30 0.90 +1.92633134063545e+005
0.30 1.00 +1.91408575237297e+005

0.05 0.30 +2.22053686040044e+005
0.10 0.30 +2.18762215796546e+005
0.15 0.30 +2.12240449905639e+005

0.30 0.30 +1.98660362988004e+005

0.05 0.40 +2.27595400697752e+005
0.10 0.40 +2.18974604689958e+005
0.15 0.40 +2.15678499339553e+005
0.25 0.40 +2.04824121648701e+005


0.05 0.50 +2.36383421928573e+005
0.10 0.50 +2.26092785053805e+005
0.15 0.50 +2.18860642196674e+005
0.20 0.50 +2.12046969755221e+005
0.30 0.50 +1.97523347654893e+005

0.05 0.60 +2.42541072673470e+005
0.10 0.60 +2.30721355564173e+005
0.20 0.60 +2.14861284941358e+005
0.25 0.60 +2.01579181092025e+005
0.30 0.60 +1.96306795959681e+005

0.05 0.70 +2.48616073133268e+005
0.10 0.70 +2.38491073132576e+005
0.15 0.70 +2.28366073132654e+005
0.20 0.70 +2.16811751401597e+005
0.25 0.70 +2.02343853443175e+005

0.05 0.80 +2.51549927911033e+005
0.10 0.80 +2.36721923572965e+005
0.15 0.80 +2.31548215989796e+005
0.20 0.80 +2.18331182516807e+005
0.25 0.80 +2.05759119822802e+005
0.30 0.80 +1.93857687056436e+005

0.05 0.90 +2.60766073591692e+005
0.10 0.90 +2.41465926465060e+005
0.15 0.90 +2.31589215002948e+005
0.20 0.90 +2.21712503540817e+005
0.25 0.90 +2.06409387558461e+005
0.30 0.90 +1.92633134063545e+005

0.05 1.00 +2.66841073132523e+005
0.10 1.00 +2.52376787418287e+005
0.15 1.00 +2.37912501704082e+005
0.20 1.00 +2.23448215989797e+005
0.25 1.00 +2.05924190207538e+005
0.30 1.00 +1.91408575237297e+005
