

0.05 0.40 +1.93056719571950e+005
0.05 0.50 +2.00288862431450e+005
0.05 0.60 +2.07521004828894e+005
0.05 0.70 +2.14753148142858e+005
0.05 0.80 +2.21985291000001e+005
0.05 0.90 +2.29217434316051e+005
0.05 1.00 +2.36449576714002e+005

0.10 0.30 +1.81485290999729e+005
0.10 0.40 +1.87271005285427e+005
0.10 0.50 +1.93056719571196e+005
0.10 0.60 +1.91958890706573e+005
0.10 0.70 +1.64128148142570e+005
0.10 0.80 +2.10413862428716e+005
0.10 0.90 +2.16199577632366e+005
0.10 1.00 +2.21985290999716e+005

0.15 0.30 +1.77146005285443e+005
0.15 0.40 +1.81485291000000e+005

0.15 0.60 +1.90163861051270e+005
0.15 0.70 +1.94503148142858e+005
0.15 0.80 +1.98842433857144e+005
0.15 0.90 +2.03181720949549e+005


0.20 0.30 +1.72806719571429e+005
0.20 0.40 +1.75699576714014e+005
0.20 0.50 +1.78592433859819e+005
0.20 0.60 +1.81485289163768e+005
0.20 0.70 +1.84378148142859e+005
0.20 0.80 +1.84584782652790e+005
0.20 0.90 +1.90163864265023e+005
0.20 1.00 +1.93056719572819e+005

0.25 0.30 +1.68467433857180e+005
0.25 0.40 +1.68865466373938e+005
0.25 0.50 +1.71360290999713e+005
0.25 0.60 +1.72806717275897e+005
0.25 0.70 +1.74253148142577e+005
0.25 0.80 +1.75699576715226e+005
0.25 0.90 +1.77146007582131e+005


0.30 0.30 +1.43688966124202e+005
0.30 0.40 +1.64128148142861e+005

0.30 0.60 +1.64128148142858e+005
0.30 0.70 +1.64128148142858e+005

0.30 0.90 +1.64128150897750e+005
0.30 1.00 +1.64128148142586e+005


0.10 0.30 +1.81485290999729e+005
0.15 0.30 +1.77146005285443e+005
0.20 0.30 +1.72806719571429e+005
0.25 0.30 +1.68467433857180e+005
0.30 0.30 +1.43688966124202e+005

0.05 0.40 +1.93056719571950e+005
0.10 0.40 +1.87271005285427e+005
0.15 0.40 +1.81485291000000e+005
0.20 0.40 +1.75699576714014e+005
0.25 0.40 +1.68865466373938e+005
0.30 0.40 +1.64128148142861e+005

0.05 0.50 +2.00288862431450e+005
0.10 0.50 +1.93056719571196e+005

0.20 0.50 +1.78592433859819e+005
0.25 0.50 +1.71360290999713e+005


0.05 0.60 +2.07521004828894e+005
0.10 0.60 +1.91958890706573e+005
0.15 0.60 +1.90163861051270e+005
0.20 0.60 +1.81485289163768e+005
0.25 0.60 +1.72806717275897e+005
0.30 0.60 +1.64128148142858e+005

0.05 0.70 +2.14753148142858e+005
0.10 0.70 +1.64128148142570e+005
0.15 0.70 +1.94503148142858e+005
0.20 0.70 +1.84378148142859e+005
0.25 0.70 +1.74253148142577e+005
0.30 0.70 +1.64128148142858e+005

0.05 0.80 +2.21985291000001e+005
0.10 0.80 +2.10413862428716e+005
0.15 0.80 +1.98842433857144e+005
0.20 0.80 +1.84584782652790e+005
0.25 0.80 +1.75699576715226e+005


0.05 0.90 +2.29217434316051e+005
0.10 0.90 +2.16199577632366e+005
0.15 0.90 +2.03181720949549e+005
0.20 0.90 +1.90163864265023e+005
0.25 0.90 +1.77146007582131e+005
0.30 0.90 +1.64128150897750e+005

0.05 1.00 +2.36449576714002e+005
0.10 1.00 +2.21985290999716e+005

0.20 1.00 +1.93056719572819e+005

0.30 1.00 +1.64128148142586e+005
