
0.05 0.30 +1.22372219941165
0.05 0.40 +1.34995812214261
0.05 0.50 +1.45699383642839
0.05 0.60 +1.52891635675195
0.05 0.70 +1.68160499999987
0.05 0.80 +1.77706928571427
0.05 0.90 +1.87253357602028
0.05 1.00 +1.96799785714284


0.10 0.40 +1.33426437803171
0.10 0.50 +1.38467240785703
0.10 0.60 +1.49162209259835
0.10 0.70 +1.48881526499981
0.10 0.80 +1.66135499999987
0.10 0.90 +1.55927553918356
0.10 1.00 +1.80148828121773


0.15 0.40 +1.27176495892488
0.15 0.50 +1.34603357142856
0.15 0.60 +1.39045810836723
0.15 0.70 +1.47910499999987
0.15 0.80 +1.53790781606774
0.15 0.90 +1.61217644234674


0.20 0.30 +1.16730784435899
0.20 0.40 +1.17638669357131
0.20 0.50 +1.26956855894209
0.20 0.60 +1.32578355306102
0.20 0.70 +1.37785499999987
0.20 0.80 +1.42992642857139
0.20 0.90 +1.41072524051009
0.20 1.00 +1.52633638749642

0.25 0.30 +1.11844353035338
0.25 0.40 +1.15605067321052
0.25 0.50 +1.19686842491358
0.25 0.60 +1.23126493596562
0.25 0.70 +1.27500072331415
0.25 0.80 +1.31421214285702
0.25 0.90 +1.35181930867336
0.25 1.00 +1.38942642857141

0.30 0.30 +1.06429387799946
0.30 0.40 +1.10079840193906
0.30 0.50 +1.12133638749631
0.30 0.60 +1.14560461286987
0.30 0.70 +1.16481526499974
0.30 0.80 +1.19076495892488
0.30 0.90 +1.21907802575246
0.30 1.00 +1.24356911478661

0.05 0.30 +1.22372219941165


0.20 0.30 +1.16730784435899
0.25 0.30 +1.11844353035338
0.30 0.30 +1.06429387799946

0.05 0.40 +1.34995812214261
0.10 0.40 +1.33426437803171
0.15 0.40 +1.27176495892488
0.20 0.40 +1.17638669357131
0.25 0.40 +1.15605067321052
0.30 0.40 +1.10079840193906

0.05 0.50 +1.45699383642839
0.10 0.50 +1.38467240785703
0.15 0.50 +1.34603357142856
0.20 0.50 +1.26956855894209
0.25 0.50 +1.19686842491358
0.30 0.50 +1.12133638749631

0.05 0.60 +1.52891635675195
0.10 0.60 +1.49162209259835
0.15 0.60 +1.39045810836723
0.20 0.60 +1.32578355306102
0.25 0.60 +1.23126493596562
0.30 0.60 +1.14560461286987

0.05 0.70 +1.68160499999987
0.10 0.70 +1.48881526499981
0.15 0.70 +1.47910499999987
0.20 0.70 +1.37785499999987
0.25 0.70 +1.27500072331415
0.30 0.70 +1.16481526499974

0.05 0.80 +1.77706928571427
0.10 0.80 +1.66135499999987
0.15 0.80 +1.53790781606774
0.20 0.80 +1.42992642857139
0.25 0.80 +1.31421214285702
0.30 0.80 +1.19076495892488

0.05 0.90 +1.87253357602028
0.10 0.90 +1.55927553918356
0.15 0.90 +1.61217644234674
0.20 0.90 +1.41072524051009
0.25 0.90 +1.35181930867336
0.30 0.90 +1.21907802575246

0.05 1.00 +1.96799785714284
0.10 1.00 +1.80148828121773

0.20 1.00 +1.52633638749642
0.25 1.00 +1.38942642857141
0.30 1.00 +1.24356911478661
