
0.05 0.30 +2.22053686040044
0.05 0.40 +2.27595400697752
0.05 0.50 +2.36383421928573
0.05 0.60 +2.42541072673470
0.05 0.70 +2.48616073133268
0.05 0.80 +2.51549927911033
0.05 0.90 +2.60766073591692
0.05 1.00 +2.66841073132523

0.10 0.30 +2.18762215796546
0.10 0.40 +2.18974604689958
0.10 0.50 +2.26092785053805
0.10 0.60 +2.30721355564173
0.10 0.70 +2.38491073132576
0.10 0.80 +2.36721923572965
0.10 0.90 +2.41465926465060
0.10 1.00 +2.52376787418287

0.15 0.30 +2.12240449905639
0.15 0.40 +2.15678499339553
0.15 0.50 +2.18860642196674
0.15 0.70 +2.28366073132654
0.15 0.80 +2.31548215989796
0.15 0.90 +2.31589215002948
0.15 1.00 +2.37912501704082

0.20 0.50 +2.12046969755221
0.20 0.60 +2.14861284941358
0.20 0.70 +2.16811751401597
0.20 0.80 +2.18331182516807
0.20 0.90 +2.21712503540817
0.20 1.00 +2.23448215989797


0.25 0.40 +2.04824121648701
0.25 0.60 +2.01579181092025
0.25 0.70 +2.02343853443175
0.25 0.80 +2.05759119822802
0.25 0.90 +2.06409387558461
0.25 1.00 +2.05924190207538

0.30 0.30 +1.98660362988004

0.30 0.50 +1.97523347654893
0.30 0.60 +1.96306795959681
0.30 0.80 +1.93857687056436
0.30 0.90 +1.92633134063545
0.30 1.00 +1.91408575237297

0.05 0.30 +2.22053686040044
0.10 0.30 +2.18762215796546
0.15 0.30 +2.12240449905639

0.30 0.30 +1.98660362988004

0.05 0.40 +2.27595400697752
0.10 0.40 +2.18974604689958
0.15 0.40 +2.15678499339553
0.25 0.40 +2.04824121648701


0.05 0.50 +2.36383421928573
0.10 0.50 +2.26092785053805
0.15 0.50 +2.18860642196674
0.20 0.50 +2.12046969755221
0.30 0.50 +1.97523347654893

0.05 0.60 +2.42541072673470
0.10 0.60 +2.30721355564173
0.20 0.60 +2.14861284941358
0.25 0.60 +2.01579181092025
0.30 0.60 +1.96306795959681

0.05 0.70 +2.48616073133268
0.10 0.70 +2.38491073132576
0.15 0.70 +2.28366073132654
0.20 0.70 +2.16811751401597
0.25 0.70 +2.02343853443175

0.05 0.80 +2.51549927911033
0.10 0.80 +2.36721923572965
0.15 0.80 +2.31548215989796
0.20 0.80 +2.18331182516807
0.25 0.80 +2.05759119822802
0.30 0.80 +1.93857687056436

0.05 0.90 +2.60766073591692
0.10 0.90 +2.41465926465060
0.15 0.90 +2.31589215002948
0.20 0.90 +2.21712503540817
0.25 0.90 +2.06409387558461
0.30 0.90 +1.92633134063545

0.05 1.00 +2.66841073132523
0.10 1.00 +2.52376787418287
0.15 1.00 +2.37912501704082
0.20 1.00 +2.23448215989797
0.25 1.00 +2.05924190207538
0.30 1.00 +1.91408575237297
