0.05 0.30 -1.00000000000000e+000
0.05 0.40 -1.00000000000000e+000
0.05 0.50 +1.41940379357131e+005
0.05 0.60 +1.55084932356701e+005
0.05 0.70 +1.64631362833740e+005
0.05 0.80 -1.00000000000000e+000
0.05 0.90 -1.00000000000000e+000
0.05 1.00 -1.00000000000000e+000

0.10 0.30 -1.00000000000000e+000
0.10 0.40 +1.12275213415884e+005
0.10 0.50 +1.40055644152905e+005
0.10 0.60 +1.38570409224478e+005
0.10 0.70 +1.53031285166167e+005
0.10 0.80 -1.00000000000000e+000
0.10 0.90 +1.70639469513138e+005
0.10 1.00 +1.79908717498220e+005

0.15 0.30 -1.00000000000000e+000
0.15 0.40 +9.42082364999888e+004
0.15 0.50 +1.30106831495775e+005
0.15 0.60 +7.38735794999888e+004
0.15 0.70 +1.46130660063611e+005
0.15 0.80 +8.07372382352823e+004
0.15 0.90 +1.58743077715831e+005
0.15 1.00 -1.00000000000000e+000

0.20 0.30 +1.11274383642845e+005
0.20 0.40 -1.00000000000000e+000
0.20 0.50 -1.00000000000000e+000
0.20 0.60 -1.00000000000000e+000
0.20 0.70 +1.27577552999979e+005
0.20 0.80 -1.00000000000000e+000
0.20 0.90 +1.46419969311036e+005
0.20 1.00 +7.38735794999888e+004

0.25 0.30 +9.77811244285527e+004
0.25 0.40 -1.00000000000000e+000
0.25 0.50 -1.00000000000000e+000
0.25 0.60 +1.21026121372153e+005
0.25 0.70 -1.00000000000000e+000
0.25 0.80 +1.28382613185099e+005
0.25 0.90 -1.00000000000000e+000
0.25 1.00 +7.09765763823413e+004

0.30 0.30 +9.23813489454645e+004
0.30 0.40 +9.13190281512490e+004
0.30 0.50 -1.00000000000000e+000
0.30 0.60 -1.00000000000000e+000
0.30 0.70 +9.72079117940913e+004
0.30 0.80 +1.10798981571409e+005
0.30 0.90 -1.00000000000000e+000
0.30 1.00 +1.20103438516094e+005
