[8211, 7823] 102
[8211, 6679] 130
[8211, 4626] 148
[8211, 7671] 114
[8211, 1592] 408
[8211, 1813] 370
[8211, 10688] 542
[8211, 8169] 454
[8211, 10635] 598
[8211, 10417] 594
[8211, 8236] 416
[8211, 6205] 468
[8211, 6686] 440
[8211, 3527] 416
[8211, 8210] 458
[8211, 16230] 492
[8211, 8643] 454
[8211, 10955] 764
[8211, 11356] 738
[8211, 12593] 718
[8211, 13107] 714
[8211, 16008] 678
[8211, 12670] 686
[8211, 11407] 738
[8211, 11087] 770
[8211, 15365] 676
[8211, 13420] 686
[8211, 14140] 544
[8211, 17207] 500
[8211, 15728] 698
[8211, 18089] 620
[8211, 20006] 662
[8211, 18703] 548
[8211, 18458] 622
[8211, 19155] 660
[8211, 19039] 518
[8211, 27386] 852
[8211, 21116] 704
[8211, 24352] 746
[8211, 23742] 744
[8211, 20848] 588
[8211, 23411] 746
[8211, 23994] 744
[8211, 27316] 936
[8211, 27411] 894
[8211, 27395] 898
[8211, 25182] 852
[8211, 25498] 924
[8211, 27376] 848
[8211, 24027] 796
[8211, 26039] 828
[8211, 23295] 750
[8211, 20079] 544
[8211, 21061] 658
[8211, 20745] 586
[8211, 21300] 664
[8211, 18954] 508
[8211, 19484] 526
[8211, 28619] 904
[8211, 30162] 1166
[8211, 32062] 1180
[8211, 30155] 1168
[8211, 30329] 1058
[8211, 32202] 1176
[8211, 32746] 1472
[7823, 6679] 52
[7823, 4626] 142
[7823, 7671] 108
[7823, 1592] 322
[7823, 1813] 284
[7823, 10688] 480
[7823, 8169] 392
[7823, 10635] 536
[7823, 10417] 532
[7823, 8236] 354
[7823, 6205] 382
[7823, 6686] 354
[7823, 3527] 330
[7823, 8210] 396
[7823, 16230] 430
[7823, 8643] 392
[7823, 10955] 702
[7823, 11356] 676
[7823, 12593] 656
[7823, 13107] 652
[7823, 16008] 616
[7823, 12670] 624
[7823, 11407] 676
[7823, 11087] 708
[7823, 15365] 614
[7823, 13420] 624
[7823, 14140] 482
[7823, 17207] 438
[7823, 15728] 636
[7823, 18089] 578
[7823, 20006] 620
[7823, 18703] 506
[7823, 18458] 580
[7823, 19155] 614
[7823, 19039] 456
[7823, 27386] 790
[7823, 21116] 642
[7823, 24352] 684
[7823, 23742] 682
[7823, 20848] 526
[7823, 23411] 684
[7823, 23994] 682
[7823, 27316] 874
[7823, 27411] 832
[7823, 27395] 836
[7823, 25182] 790
[7823, 25498] 862
[7823, 27376] 786
[7823, 24027] 734
[7823, 26039] 766
[7823, 23295] 688
[7823, 20079] 482
[7823, 21061] 596
[7823, 20745] 524
[7823, 21300] 602
[7823, 18954] 446
[7823, 19484] 464
[7823, 28619] 858
[7823, 30162] 1104
[7823, 32062] 1118
[7823, 30155] 1106
[7823, 30329] 996
[7823, 32202] 1114
[7823, 32746] 1426
[6679, 4626] 142
[6679, 7671] 108
[6679, 1592] 338
[6679, 1813] 300
[6679, 10688] 508
[6679, 8169] 420
[6679, 10635] 564
[6679, 10417] 560
[6679, 8236] 382
[6679, 6205] 398
[6679, 6686] 370
[6679, 3527] 346
[6679, 8210] 424
[6679, 16230] 458
[6679, 8643] 420
[6679, 10955] 730
[6679, 11356] 704
[6679, 12593] 684
[6679, 13107] 680
[6679, 16008] 644
[6679, 12670] 652
[6679, 11407] 704
[6679, 11087] 736
[6679, 15365] 642
[6679, 13420] 652
[6679, 14140] 510
[6679, 17207] 466
[6679, 15728] 664
[6679, 18089] 606
[6679, 20006] 648
[6679, 18703] 534
[6679, 18458] 608
[6679, 19155] 642
[6679, 19039] 484
[6679, 27386] 818
[6679, 21116] 670
[6679, 24352] 712
[6679, 23742] 710
[6679, 20848] 554
[6679, 23411] 712
[6679, 23994] 710
[6679, 27316] 902
[6679, 27411] 860
[6679, 27395] 864
[6679, 25182] 818
[6679, 25498] 890
[6679, 27376] 814
[6679, 24027] 762
[6679, 26039] 794
[6679, 23295] 716
[6679, 20079] 510
[6679, 21061] 624
[6679, 20745] 552
[6679, 21300] 630
[6679, 18954] 474
[6679, 19484] 492
[6679, 28619] 886
[6679, 30162] 1132
[6679, 32062] 1146
[6679, 30155] 1134
[6679, 30329] 1024
[6679, 32202] 1142
[6679, 32746] 1454
[4626, 7671] 106
[4626, 1592] 428
[4626, 1813] 390
[4626, 10688] 586
[4626, 8169] 498
[4626, 10635] 642
[4626, 10417] 638
[4626, 8236] 460
[4626, 6205] 488
[4626, 6686] 460
[4626, 3527] 436
[4626, 8210] 502
[4626, 16230] 536
[4626, 8643] 498
[4626, 10955] 808
[4626, 11356] 782
[4626, 12593] 762
[4626, 13107] 758
[4626, 16008] 722
[4626, 12670] 730
[4626, 11407] 782
[4626, 11087] 814
[4626, 15365] 720
[4626, 13420] 730
[4626, 14140] 588
[4626, 17207] 544
[4626, 15728] 742
[4626, 18089] 664
[4626, 20006] 706
[4626, 18703] 592
[4626, 18458] 666
[4626, 19155] 704
[4626, 19039] 562
[4626, 27386] 896
[4626, 21116] 748
[4626, 24352] 790
[4626, 23742] 788
[4626, 20848] 632
[4626, 23411] 790
[4626, 23994] 788
[4626, 27316] 980
[4626, 27411] 938
[4626, 27395] 942
[4626, 25182] 896
[4626, 25498] 968
[4626, 27376] 892
[4626, 24027] 840
[4626, 26039] 872
[4626, 23295] 794
[4626, 20079] 588
[4626, 21061] 702
[4626, 20745] 630
[4626, 21300] 708
[4626, 18954] 552
[4626, 19484] 570
[4626, 28619] 948
[4626, 30162] 1210
[4626, 32062] 1224
[4626, 30155] 1212
[4626, 30329] 1102
[4626, 32202] 1220
[4626, 32746] 1516
[7671, 1592] 394
[7671, 1813] 356
[7671, 10688] 552
[7671, 8169] 464
[7671, 10635] 608
[7671, 10417] 604
[7671, 8236] 426
[7671, 6205] 454
[7671, 6686] 426
[7671, 3527] 402
[7671, 8210] 468
[7671, 16230] 502
[7671, 8643] 464
[7671, 10955] 774
[7671, 11356] 748
[7671, 12593] 728
[7671, 13107] 724
[7671, 16008] 688
[7671, 12670] 696
[7671, 11407] 748
[7671, 11087] 780
[7671, 15365] 686
[7671, 13420] 696
[7671, 14140] 554
[7671, 17207] 510
[7671, 15728] 708
[7671, 18089] 630
[7671, 20006] 672
[7671, 18703] 558
[7671, 18458] 632
[7671, 19155] 670
[7671, 19039] 528
[7671, 27386] 862
[7671, 21116] 714
[7671, 24352] 756
[7671, 23742] 754
[7671, 20848] 598
[7671, 23411] 756
[7671, 23994] 754
[7671, 27316] 946
[7671, 27411] 904
[7671, 27395] 908
[7671, 25182] 862
[7671, 25498] 934
[7671, 27376] 858
[7671, 24027] 806
[7671, 26039] 838
[7671, 23295] 760
[7671, 20079] 554
[7671, 21061] 668
[7671, 20745] 596
[7671, 21300] 674
[7671, 18954] 518
[7671, 19484] 536
[7671, 28619] 914
[7671, 30162] 1176
[7671, 32062] 1190
[7671, 30155] 1178
[7671, 30329] 1068
[7671, 32202] 1186
[7671, 32746] 1482
[1592, 1813] 54
[1592, 10688] 368
[1592, 8169] 256
[1592, 10635] 472
[1592, 10417] 468
[1592, 8236] 278
[1592, 6205] 178
[1592, 6686] 166
[1592, 3527] 92
[1592, 8210] 264
[1592, 16230] 462
[1592, 8643] 280
[1592, 10955] 730
[1592, 11356] 704
[1592, 12593] 684
[1592, 13107] 680
[1592, 16008] 644
[1592, 12670] 652
[1592, 11407] 704
[1592, 11087] 736
[1592, 15365] 642
[1592, 13420] 652
[1592, 14140] 510
[1592, 17207] 470
[1592, 15728] 664
[1592, 18089] 874
[1592, 20006] 908
[1592, 18703] 794
[1592, 18458] 876
[1592, 19155] 898
[1592, 19039] 576
[1592, 27386] 946
[1592, 21116] 926
[1592, 24352] 968
[1592, 23742] 966
[1592, 20848] 606
[1592, 23411] 732
[1592, 23994] 858
[1592, 27316] 1022
[1592, 27411] 980
[1592, 27395] 984
[1592, 25182] 938
[1592, 25498] 1010
[1592, 27376] 942
[1592, 24027] 882
[1592, 26039] 922
[1592, 23295] 836
[1592, 20079] 630
[1592, 21061] 764
[1592, 20745] 808
[1592, 21300] 794
[1592, 18954] 590
[1592, 19484] 612
[1592, 28619] 1142
[1592, 30162] 1252
[1592, 32062] 1266
[1592, 30155] 1254
[1592, 30329] 1144
[1592, 32202] 1262
[1592, 32746] 1710
[1813, 10688] 370
[1813, 8169] 258
[1813, 10635] 474
[1813, 10417] 470
[1813, 8236] 280
[1813, 6205] 180
[1813, 6686] 152
[1813, 3527] 94
[1813, 8210] 266
[1813, 16230] 464
[1813, 8643] 282
[1813, 10955] 732
[1813, 11356] 706
[1813, 12593] 686
[1813, 13107] 682
[1813, 16008] 646
[1813, 12670] 654
[1813, 11407] 706
[1813, 11087] 738
[1813, 15365] 644
[1813, 13420] 654
[1813, 14140] 512
[1813, 17207] 472
[1813, 15728] 666
[1813, 18089] 846
[1813, 20006] 888
[1813, 18703] 774
[1813, 18458] 848
[1813, 19155] 882
[1813, 19039] 578
[1813, 27386] 948
[1813, 21116] 910
[1813, 24352] 952
[1813, 23742] 950
[1813, 20848] 608
[1813, 23411] 734
[1813, 23994] 860
[1813, 27316] 1024
[1813, 27411] 982
[1813, 27395] 986
[1813, 25182] 940
[1813, 25498] 1012
[1813, 27376] 944
[1813, 24027] 884
[1813, 26039] 924
[1813, 23295] 838
[1813, 20079] 632
[1813, 21061] 766
[1813, 20745] 792
[1813, 21300] 796
[1813, 18954] 592
[1813, 19484] 614
[1813, 28619] 1126
[1813, 30162] 1254
[1813, 32062] 1268
[1813, 30155] 1256
[1813, 30329] 1146
[1813, 32202] 1264
[1813, 32746] 1694
[10688, 8169] 148
[10688, 10635] 148
[10688, 10417] 144
[10688, 8236] 158
[10688, 6205] 234
[10688, 6686] 242
[10688, 3527] 300
[10688, 8210] 152
[10688, 16230] 134
[10688, 8643] 128
[10688, 10955] 402
[10688, 11356] 376
[10688, 12593] 356
[10688, 13107] 352
[10688, 16008] 316
[10688, 12670] 324
[10688, 11407] 376
[10688, 11087] 408
[10688, 15365] 314
[10688, 13420] 324
[10688, 14140] 182
[10688, 17207] 142
[10688, 15728] 336
[10688, 18089] 654
[10688, 20006] 588
[10688, 18703] 474
[10688, 18458] 628
[10688, 19155] 578
[10688, 19039] 248
[10688, 27386] 618
[10688, 21116] 606
[10688, 24352] 648
[10688, 23742] 646
[10688, 20848] 278
[10688, 23411] 404
[10688, 23994] 530
[10688, 27316] 694
[10688, 27411] 652
[10688, 27395] 656
[10688, 25182] 610
[10688, 25498] 682
[10688, 27376] 614
[10688, 24027] 554
[10688, 26039] 594
[10688, 23295] 508
[10688, 20079] 302
[10688, 21061] 436
[10688, 20745] 488
[10688, 21300] 466
[10688, 18954] 262
[10688, 19484] 284
[10688, 28619] 822
[10688, 30162] 924
[10688, 32062] 938
[10688, 30155] 926
[10688, 30329] 816
[10688, 32202] 934
[10688, 32746] 1390
[8169, 10635] 252
[8169, 10417] 248
[8169, 8236] 70
[8169, 6205] 122
[8169, 6686] 130
[8169, 3527] 188
[8169, 8210] 32
[8169, 16230] 242
[8169, 8643] 60
[8169, 10955] 510
[8169, 11356] 484
[8169, 12593] 464
[8169, 13107] 460
[8169, 16008] 424
[8169, 12670] 432
[8169, 11407] 484
[8169, 11087] 516
[8169, 15365] 422
[8169, 13420] 432
[8169, 14140] 290
[8169, 17207] 250
[8169, 15728] 444
[8169, 18089] 666
[8169, 20006] 696
[8169, 18703] 582
[8169, 18458] 668
[8169, 19155] 686
[8169, 19039] 356
[8169, 27386] 726
[8169, 21116] 714
[8169, 24352] 756
[8169, 23742] 754
[8169, 20848] 386
[8169, 23411] 512
[8169, 23994] 638
[8169, 27316] 802
[8169, 27411] 760
[8169, 27395] 764
[8169, 25182] 718
[8169, 25498] 790
[8169, 27376] 722
[8169, 24027] 662
[8169, 26039] 702
[8169, 23295] 616
[8169, 20079] 410
[8169, 21061] 544
[8169, 20745] 596
[8169, 21300] 574
[8169, 18954] 370
[8169, 19484] 392
[8169, 28619] 930
[8169, 30162] 1032
[8169, 32062] 1046
[8169, 30155] 1034
[8169, 30329] 924
[8169, 32202] 1042
[8169, 32746] 1498
[10635, 10417] 36
[10635, 8236] 262
[10635, 6205] 338
[10635, 6686] 346
[10635, 3527] 404
[10635, 8210] 256
[10635, 16230] 170
[10635, 8643] 232
[10635, 10955] 438
[10635, 11356] 412
[10635, 12593] 392
[10635, 13107] 388
[10635, 16008] 352
[10635, 12670] 360
[10635, 11407] 412
[10635, 11087] 444
[10635, 15365] 350
[10635, 13420] 360
[10635, 14140] 218
[10635, 17207] 178
[10635, 15728] 372
[10635, 18089] 690
[10635, 20006] 624
[10635, 18703] 510
[10635, 18458] 664
[10635, 19155] 614
[10635, 19039] 284
[10635, 27386] 654
[10635, 21116] 642
[10635, 24352] 684
[10635, 23742] 682
[10635, 20848] 314
[10635, 23411] 440
[10635, 23994] 566
[10635, 27316] 730
[10635, 27411] 688
[10635, 27395] 692
[10635, 25182] 646
[10635, 25498] 718
[10635, 27376] 650
[10635, 24027] 590
[10635, 26039] 630
[10635, 23295] 544
[10635, 20079] 338
[10635, 21061] 472
[10635, 20745] 524
[10635, 21300] 502
[10635, 18954] 298
[10635, 19484] 320
[10635, 28619] 858
[10635, 30162] 960
[10635, 32062] 974
[10635, 30155] 962
[10635, 30329] 852
[10635, 32202] 970
[10635, 32746] 1426
[10417, 8236] 258
[10417, 6205] 334
[10417, 6686] 342
[10417, 3527] 400
[10417, 8210] 252
[10417, 16230] 166
[10417, 8643] 228
[10417, 10955] 434
[10417, 11356] 408
[10417, 12593] 388
[10417, 13107] 384
[10417, 16008] 348
[10417, 12670] 356
[10417, 11407] 408
[10417, 11087] 440
[10417, 15365] 346
[10417, 13420] 356
[10417, 14140] 214
[10417, 17207] 174
[10417, 15728] 368
[10417, 18089] 686
[10417, 20006] 620
[10417, 18703] 506
[10417, 18458] 660
[10417, 19155] 610
[10417, 19039] 280
[10417, 27386] 650
[10417, 21116] 638
[10417, 24352] 680
[10417, 23742] 678
[10417, 20848] 310
[10417, 23411] 436
[10417, 23994] 562
[10417, 27316] 726
[10417, 27411] 684
[10417, 27395] 688
[10417, 25182] 642
[10417, 25498] 714
[10417, 27376] 646
[10417, 24027] 586
[10417, 26039] 626
[10417, 23295] 540
[10417, 20079] 334
[10417, 21061] 468
[10417, 20745] 520
[10417, 21300] 498
[10417, 18954] 294
[10417, 19484] 316
[10417, 28619] 854
[10417, 30162] 956
[10417, 32062] 970
[10417, 30155] 958
[10417, 30329] 848
[10417, 32202] 966
[10417, 32746] 1422
[8236, 6205] 144
[8236, 6686] 152
[8236, 3527] 210
[8236, 8210] 74
[8236, 16230] 252
[8236, 8643] 70
[8236, 10955] 520
[8236, 11356] 494
[8236, 12593] 474
[8236, 13107] 470
[8236, 16008] 434
[8236, 12670] 442
[8236, 11407] 494
[8236, 11087] 526
[8236, 15365] 432
[8236, 13420] 442
[8236, 14140] 300
[8236, 17207] 260
[8236, 15728] 454
[8236, 18089] 628
[8236, 20006] 662
[8236, 18703] 548
[8236, 18458] 630
[8236, 19155] 652
[8236, 19039] 366
[8236, 27386] 736
[8236, 21116] 680
[8236, 24352] 722
[8236, 23742] 720
[8236, 20848] 396
[8236, 23411] 522
[8236, 23994] 648
[8236, 27316] 812
[8236, 27411] 770
[8236, 27395] 774
[8236, 25182] 728
[8236, 25498] 800
[8236, 27376] 732
[8236, 24027] 672
[8236, 26039] 712
[8236, 23295] 626
[8236, 20079] 420
[8236, 21061] 554
[8236, 20745] 562
[8236, 21300] 584
[8236, 18954] 380
[8236, 19484] 402
[8236, 28619] 896
[8236, 30162] 1042
[8236, 32062] 1056
[8236, 30155] 1044
[8236, 30329] 934
[8236, 32202] 1052
[8236, 32746] 1464
[6205, 6686] 52
[6205, 3527] 110
[6205, 8210] 130
[6205, 16230] 328
[6205, 8643] 146
[6205, 10955] 596
[6205, 11356] 570
[6205, 12593] 550
[6205, 13107] 546
[6205, 16008] 510
[6205, 12670] 518
[6205, 11407] 570
[6205, 11087] 602
[6205, 15365] 508
[6205, 13420] 518
[6205, 14140] 376
[6205, 17207] 336
[6205, 15728] 530
[6205, 18089] 740
[6205, 20006] 774
[6205, 18703] 660
[6205, 18458] 742
[6205, 19155] 764
[6205, 19039] 442
[6205, 27386] 812
[6205, 21116] 792
[6205, 24352] 834
[6205, 23742] 832
[6205, 20848] 472
[6205, 23411] 598
[6205, 23994] 724
[6205, 27316] 888
[6205, 27411] 846
[6205, 27395] 850
[6205, 25182] 804
[6205, 25498] 876
[6205, 27376] 808
[6205, 24027] 748
[6205, 26039] 788
[6205, 23295] 702
[6205, 20079] 496
[6205, 21061] 630
[6205, 20745] 674
[6205, 21300] 660
[6205, 18954] 456
[6205, 19484] 478
[6205, 28619] 1008
[6205, 30162] 1118
[6205, 32062] 1132
[6205, 30155] 1120
[6205, 30329] 1010
[6205, 32202] 1128
[6205, 32746] 1576
[6686, 3527] 98
[6686, 8210] 138
[6686, 16230] 336
[6686, 8643] 154
[6686, 10955] 604
[6686, 11356] 578
[6686, 12593] 558
[6686, 13107] 554
[6686, 16008] 518
[6686, 12670] 526
[6686, 11407] 578
[6686, 11087] 610
[6686, 15365] 516
[6686, 13420] 526
[6686, 14140] 384
[6686, 17207] 344
[6686, 15728] 538
[6686, 18089] 748
[6686, 20006] 782
[6686, 18703] 668
[6686, 18458] 750
[6686, 19155] 772
[6686, 19039] 450
[6686, 27386] 820
[6686, 21116] 800
[6686, 24352] 842
[6686, 23742] 840
[6686, 20848] 480
[6686, 23411] 606
[6686, 23994] 732
[6686, 27316] 896
[6686, 27411] 854
[6686, 27395] 858
[6686, 25182] 812
[6686, 25498] 884
[6686, 27376] 816
[6686, 24027] 756
[6686, 26039] 796
[6686, 23295] 710
[6686, 20079] 504
[6686, 21061] 638
[6686, 20745] 682
[6686, 21300] 668
[6686, 18954] 464
[6686, 19484] 486
[6686, 28619] 1016
[6686, 30162] 1126
[6686, 32062] 1140
[6686, 30155] 1128
[6686, 30329] 1018
[6686, 32202] 1136
[6686, 32746] 1584
[3527, 8210] 196
[3527, 16230] 394
[3527, 8643] 212
[3527, 10955] 662
[3527, 11356] 636
[3527, 12593] 616
[3527, 13107] 612
[3527, 16008] 576
[3527, 12670] 584
[3527, 11407] 636
[3527, 11087] 668
[3527, 15365] 574
[3527, 13420] 584
[3527, 14140] 442
[3527, 17207] 402
[3527, 15728] 596
[3527, 18089] 806
[3527, 20006] 840
[3527, 18703] 726
[3527, 18458] 808
[3527, 19155] 830
[3527, 19039] 508
[3527, 27386] 878
[3527, 21116] 858
[3527, 24352] 900
[3527, 23742] 898
[3527, 20848] 538
[3527, 23411] 664
[3527, 23994] 790
[3527, 27316] 954
[3527, 27411] 912
[3527, 27395] 916
[3527, 25182] 870
[3527, 25498] 942
[3527, 27376] 874
[3527, 24027] 814
[3527, 26039] 854
[3527, 23295] 768
[3527, 20079] 562
[3527, 21061] 696
[3527, 20745] 740
[3527, 21300] 726
[3527, 18954] 522
[3527, 19484] 544
[3527, 28619] 1074
[3527, 30162] 1184
[3527, 32062] 1198
[3527, 30155] 1186
[3527, 30329] 1076
[3527, 32202] 1194
[3527, 32746] 1642
[8210, 16230] 246
[8210, 8643] 64
[8210, 10955] 514
[8210, 11356] 488
[8210, 12593] 468
[8210, 13107] 464
[8210, 16008] 428
[8210, 12670] 436
[8210, 11407] 488
[8210, 11087] 520
[8210, 15365] 426
[8210, 13420] 436
[8210, 14140] 294
[8210, 17207] 254
[8210, 15728] 448
[8210, 18089] 670
[8210, 20006] 700
[8210, 18703] 586
[8210, 18458] 672
[8210, 19155] 690
[8210, 19039] 360
[8210, 27386] 730
[8210, 21116] 718
[8210, 24352] 760
[8210, 23742] 758
[8210, 20848] 390
[8210, 23411] 516
[8210, 23994] 642
[8210, 27316] 806
[8210, 27411] 764
[8210, 27395] 768
[8210, 25182] 722
[8210, 25498] 794
[8210, 27376] 726
[8210, 24027] 666
[8210, 26039] 706
[8210, 23295] 620
[8210, 20079] 414
[8210, 21061] 548
[8210, 20745] 600
[8210, 21300] 578
[8210, 18954] 374
[8210, 19484] 396
[8210, 28619] 934
[8210, 30162] 1036
[8210, 32062] 1050
[8210, 30155] 1038
[8210, 30329] 928
[8210, 32202] 1046
[8210, 32746] 1502
[16230, 8643] 222
[16230, 10955] 316
[16230, 11356] 290
[16230, 12593] 270
[16230, 13107] 266
[16230, 16008] 230
[16230, 12670] 238
[16230, 11407] 290
[16230, 11087] 322
[16230, 15365] 228
[16230, 13420] 238
[16230, 14140] 96
[16230, 17207] 32
[16230, 15728] 250
[16230, 18089] 548
[16230, 20006] 482
[16230, 18703] 368
[16230, 18458] 522
[16230, 19155] 472
[16230, 19039] 142
[16230, 27386] 512
[16230, 21116] 500
[16230, 24352] 542
[16230, 23742] 540
[16230, 20848] 172
[16230, 23411] 298
[16230, 23994] 424
[16230, 27316] 588
[16230, 27411] 546
[16230, 27395] 550
[16230, 25182] 504
[16230, 25498] 576
[16230, 27376] 508
[16230, 24027] 448
[16230, 26039] 488
[16230, 23295] 402
[16230, 20079] 196
[16230, 21061] 330
[16230, 20745] 382
[16230, 21300] 360
[16230, 18954] 156
[16230, 19484] 178
[16230, 28619] 716
[16230, 30162] 818
[16230, 32062] 832
[16230, 30155] 820
[16230, 30329] 710
[16230, 32202] 828
[16230, 32746] 1284
[8643, 10955] 490
[8643, 11356] 464
[8643, 12593] 444
[8643, 13107] 440
[8643, 16008] 404
[8643, 12670] 412
[8643, 11407] 464
[8643, 11087] 496
[8643, 15365] 402
[8643, 13420] 412
[8643, 14140] 270
[8643, 17207] 230
[8643, 15728] 424
[8643, 18089] 666
[8643, 20006] 676
[8643, 18703] 562
[8643, 18458] 668
[8643, 19155] 666
[8643, 19039] 336
[8643, 27386] 706
[8643, 21116] 694
[8643, 24352] 736
[8643, 23742] 734
[8643, 20848] 366
[8643, 23411] 492
[8643, 23994] 618
[8643, 27316] 782
[8643, 27411] 740
[8643, 27395] 744
[8643, 25182] 698
[8643, 25498] 770
[8643, 27376] 702
[8643, 24027] 642
[8643, 26039] 682
[8643, 23295] 596
[8643, 20079] 390
[8643, 21061] 524
[8643, 20745] 576
[8643, 21300] 554
[8643, 18954] 350
[8643, 19484] 372
[8643, 28619] 910
[8643, 30162] 1012
[8643, 32062] 1026
[8643, 30155] 1014
[8643, 30329] 904
[8643, 32202] 1022
[8643, 32746] 1478
[10955, 11356] 74
[10955, 12593] 118
[10955, 13107] 114
[10955, 16008] 130
[10955, 12670] 106
[10955, 11407] 74
[10955, 11087] 50
[10955, 15365] 128
[10955, 13420] 106
[10955, 14140] 232
[10955, 17207] 328
[10955, 15728] 134
[10955, 18089] 844
[10955, 20006] 778
[10955, 18703] 664
[10955, 18458] 818
[10955, 19155] 768
[10955, 19039] 438
[10955, 27386] 808
[10955, 21116] 796
[10955, 24352] 838
[10955, 23742] 836
[10955, 20848] 468
[10955, 23411] 594
[10955, 23994] 720
[10955, 27316] 884
[10955, 27411] 842
[10955, 27395] 846
[10955, 25182] 800
[10955, 25498] 872
[10955, 27376] 804
[10955, 24027] 744
[10955, 26039] 784
[10955, 23295] 698
[10955, 20079] 492
[10955, 21061] 626
[10955, 20745] 678
[10955, 21300] 656
[10955, 18954] 452
[10955, 19484] 474
[10955, 28619] 1012
[10955, 30162] 1114
[10955, 32062] 1128
[10955, 30155] 1116
[10955, 30329] 1006
[10955, 32202] 1124
[10955, 32746] 1580
[11356, 12593] 88
[11356, 13107] 84
[11356, 16008] 104
[11356, 12670] 80
[11356, 11407] 48
[11356, 11087] 80
[11356, 15365] 102
[11356, 13420] 80
[11356, 14140] 206
[11356, 17207] 302
[11356, 15728] 104
[11356, 18089] 818
[11356, 20006] 752
[11356, 18703] 638
[11356, 18458] 792
[11356, 19155] 742
[11356, 19039] 412
[11356, 27386] 782
[11356, 21116] 770
[11356, 24352] 812
[11356, 23742] 810
[11356, 20848] 442
[11356, 23411] 568
[11356, 23994] 694
[11356, 27316] 858
[11356, 27411] 816
[11356, 27395] 820
[11356, 25182] 774
[11356, 25498] 846
[11356, 27376] 778
[11356, 24027] 718
[11356, 26039] 758
[11356, 23295] 672
[11356, 20079] 466
[11356, 21061] 600
[11356, 20745] 652
[11356, 21300] 630
[11356, 18954] 426
[11356, 19484] 448
[11356, 28619] 986
[11356, 30162] 1088
[11356, 32062] 1102
[11356, 30155] 1090
[11356, 30329] 980
[11356, 32202] 1098
[11356, 32746] 1554
[12593, 13107] 20
[12593, 16008] 84
[12593, 12670] 60
[12593, 11407] 92
[12593, 11087] 124
[12593, 15365] 82
[12593, 13420] 60
[12593, 14140] 186
[12593, 17207] 282
[12593, 15728] 60
[12593, 18089] 798
[12593, 20006] 732
[12593, 18703] 618
[12593, 18458] 772
[12593, 19155] 722
[12593, 19039] 392
[12593, 27386] 762
[12593, 21116] 750
[12593, 24352] 792
[12593, 23742] 790
[12593, 20848] 422
[12593, 23411] 548
[12593, 23994] 674
[12593, 27316] 838
[12593, 27411] 796
[12593, 27395] 800
[12593, 25182] 754
[12593, 25498] 826
[12593, 27376] 758
[12593, 24027] 698
[12593, 26039] 738
[12593, 23295] 652
[12593, 20079] 446
[12593, 21061] 580
[12593, 20745] 632
[12593, 21300] 610
[12593, 18954] 406
[12593, 19484] 428
[12593, 28619] 966
[12593, 30162] 1068
[12593, 32062] 1082
[12593, 30155] 1070
[12593, 30329] 960
[12593, 32202] 1078
[12593, 32746] 1534
[13107, 16008] 80
[13107, 12670] 56
[13107, 11407] 88
[13107, 11087] 120
[13107, 15365] 78
[13107, 13420] 56
[13107, 14140] 182
[13107, 17207] 278
[13107, 15728] 56
[13107, 18089] 794
[13107, 20006] 728
[13107, 18703] 614
[13107, 18458] 768
[13107, 19155] 718
[13107, 19039] 388
[13107, 27386] 758
[13107, 21116] 746
[13107, 24352] 788
[13107, 23742] 786
[13107, 20848] 418
[13107, 23411] 544
[13107, 23994] 670
[13107, 27316] 834
[13107, 27411] 792
[13107, 27395] 796
[13107, 25182] 750
[13107, 25498] 822
[13107, 27376] 754
[13107, 24027] 694
[13107, 26039] 734
[13107, 23295] 648
[13107, 20079] 442
[13107, 21061] 576
[13107, 20745] 628
[13107, 21300] 606
[13107, 18954] 402
[13107, 19484] 424
[13107, 28619] 962
[13107, 30162] 1064
[13107, 32062] 1078
[13107, 30155] 1066
[13107, 30329] 956
[13107, 32202] 1074
[13107, 32746] 1530
[16008, 12670] 56
[16008, 11407] 104
[16008, 11087] 136
[16008, 15365] 14
[16008, 13420] 56
[16008, 14140] 146
[16008, 17207] 242
[16008, 15728] 52
[16008, 18089] 758
[16008, 20006] 692
[16008, 18703] 578
[16008, 18458] 732
[16008, 19155] 682
[16008, 19039] 352
[16008, 27386] 722
[16008, 21116] 710
[16008, 24352] 752
[16008, 23742] 750
[16008, 20848] 382
[16008, 23411] 508
[16008, 23994] 634
[16008, 27316] 798
[16008, 27411] 756
[16008, 27395] 760
[16008, 25182] 714
[16008, 25498] 786
[16008, 27376] 718
[16008, 24027] 658
[16008, 26039] 698
[16008, 23295] 612
[16008, 20079] 406
[16008, 21061] 540
[16008, 20745] 592
[16008, 21300] 570
[16008, 18954] 366
[16008, 19484] 388
[16008, 28619] 926
[16008, 30162] 1028
[16008, 32062] 1042
[16008, 30155] 1030
[16008, 30329] 920
[16008, 32202] 1038
[16008, 32746] 1494
[12670, 11407] 80
[12670, 11087] 112
[12670, 15365] 54
[12670, 13420] 20
[12670, 14140] 154
[12670, 17207] 250
[12670, 15728] 76
[12670, 18089] 766
[12670, 20006] 700
[12670, 18703] 586
[12670, 18458] 740
[12670, 19155] 690
[12670, 19039] 360
[12670, 27386] 730
[12670, 21116] 718
[12670, 24352] 760
[12670, 23742] 758
[12670, 20848] 390
[12670, 23411] 516
[12670, 23994] 642
[12670, 27316] 806
[12670, 27411] 764
[12670, 27395] 768
[12670, 25182] 722
[12670, 25498] 794
[12670, 27376] 726
[12670, 24027] 666
[12670, 26039] 706
[12670, 23295] 620
[12670, 20079] 414
[12670, 21061] 548
[12670, 20745] 600
[12670, 21300] 578
[12670, 18954] 374
[12670, 19484] 396
[12670, 28619] 934
[12670, 30162] 1036
[12670, 32062] 1050
[12670, 30155] 1038
[12670, 30329] 928
[12670, 32202] 1046
[12670, 32746] 1502
[11407, 11087] 76
[11407, 15365] 102
[11407, 13420] 80
[11407, 14140] 206
[11407, 17207] 302
[11407, 15728] 108
[11407, 18089] 818
[11407, 20006] 752
[11407, 18703] 638
[11407, 18458] 792
[11407, 19155] 742
[11407, 19039] 412
[11407, 27386] 782
[11407, 21116] 770
[11407, 24352] 812
[11407, 23742] 810
[11407, 20848] 442
[11407, 23411] 568
[11407, 23994] 694
[11407, 27316] 858
[11407, 27411] 816
[11407, 27395] 820
[11407, 25182] 774
[11407, 25498] 846
[11407, 27376] 778
[11407, 24027] 718
[11407, 26039] 758
[11407, 23295] 672
[11407, 20079] 466
[11407, 21061] 600
[11407, 20745] 652
[11407, 21300] 630
[11407, 18954] 426
[11407, 19484] 448
[11407, 28619] 986
[11407, 30162] 1088
[11407, 32062] 1102
[11407, 30155] 1090
[11407, 30329] 980
[11407, 32202] 1098
[11407, 32746] 1554
[11087, 15365] 134
[11087, 13420] 112
[11087, 14140] 238
[11087, 17207] 334
[11087, 15728] 140
[11087, 18089] 850
[11087, 20006] 784
[11087, 18703] 670
[11087, 18458] 824
[11087, 19155] 774
[11087, 19039] 444
[11087, 27386] 814
[11087, 21116] 802
[11087, 24352] 844
[11087, 23742] 842
[11087, 20848] 474
[11087, 23411] 600
[11087, 23994] 726
[11087, 27316] 890
[11087, 27411] 848
[11087, 27395] 852
[11087, 25182] 806
[11087, 25498] 878
[11087, 27376] 810
[11087, 24027] 750
[11087, 26039] 790
[11087, 23295] 704
[11087, 20079] 498
[11087, 21061] 632
[11087, 20745] 684
[11087, 21300] 662
[11087, 18954] 458
[11087, 19484] 480
[11087, 28619] 1018
[11087, 30162] 1120
[11087, 32062] 1134
[11087, 30155] 1122
[11087, 30329] 1012
[11087, 32202] 1130
[11087, 32746] 1586
[15365, 13420] 54
[15365, 14140] 144
[15365, 17207] 240
[15365, 15728] 50
[15365, 18089] 756
[15365, 20006] 690
[15365, 18703] 576
[15365, 18458] 730
[15365, 19155] 680
[15365, 19039] 350
[15365, 27386] 720
[15365, 21116] 708
[15365, 24352] 750
[15365, 23742] 748
[15365, 20848] 380
[15365, 23411] 506
[15365, 23994] 632
[15365, 27316] 796
[15365, 27411] 754
[15365, 27395] 758
[15365, 25182] 712
[15365, 25498] 784
[15365, 27376] 716
[15365, 24027] 656
[15365, 26039] 696
[15365, 23295] 610
[15365, 20079] 404
[15365, 21061] 538
[15365, 20745] 590
[15365, 21300] 568
[15365, 18954] 364
[15365, 19484] 386
[15365, 28619] 924
[15365, 30162] 1026
[15365, 32062] 1040
[15365, 30155] 1028
[15365, 30329] 918
[15365, 32202] 1036
[15365, 32746] 1492
[13420, 14140] 154
[13420, 17207] 250
[13420, 15728] 76
[13420, 18089] 766
[13420, 20006] 700
[13420, 18703] 586
[13420, 18458] 740
[13420, 19155] 690
[13420, 19039] 360
[13420, 27386] 730
[13420, 21116] 718
[13420, 24352] 760
[13420, 23742] 758
[13420, 20848] 390
[13420, 23411] 516
[13420, 23994] 642
[13420, 27316] 806
[13420, 27411] 764
[13420, 27395] 768
[13420, 25182] 722
[13420, 25498] 794
[13420, 27376] 726
[13420, 24027] 666
[13420, 26039] 706
[13420, 23295] 620
[13420, 20079] 414
[13420, 21061] 548
[13420, 20745] 600
[13420, 21300] 578
[13420, 18954] 374
[13420, 19484] 396
[13420, 28619] 934
[13420, 30162] 1036
[13420, 32062] 1050
[13420, 30155] 1038
[13420, 30329] 928
[13420, 32202] 1046
[13420, 32746] 1502
[14140, 17207] 108
[14140, 15728] 166
[14140, 18089] 624
[14140, 20006] 558
[14140, 18703] 444
[14140, 18458] 598
[14140, 19155] 548
[14140, 19039] 218
[14140, 27386] 588
[14140, 21116] 576
[14140, 24352] 618
[14140, 23742] 616
[14140, 20848] 248
[14140, 23411] 374
[14140, 23994] 500
[14140, 27316] 664
[14140, 27411] 622
[14140, 27395] 626
[14140, 25182] 580
[14140, 25498] 652
[14140, 27376] 584
[14140, 24027] 524
[14140, 26039] 564
[14140, 23295] 478
[14140, 20079] 272
[14140, 21061] 406
[14140, 20745] 458
[14140, 21300] 436
[14140, 18954] 232
[14140, 19484] 254
[14140, 28619] 792
[14140, 30162] 894
[14140, 32062] 908
[14140, 30155] 896
[14140, 30329] 786
[14140, 32202] 904
[14140, 32746] 1360
[17207, 15728] 262
[17207, 18089] 556
[17207, 20006] 490
[17207, 18703] 376
[17207, 18458] 530
[17207, 19155] 480
[17207, 19039] 138
[17207, 27386] 520
[17207, 21116] 508
[17207, 24352] 550
[17207, 23742] 548
[17207, 20848] 168
[17207, 23411] 294
[17207, 23994] 432
[17207, 27316] 596
[17207, 27411] 554
[17207, 27395] 558
[17207, 25182] 512
[17207, 25498] 584
[17207, 27376] 516
[17207, 24027] 456
[17207, 26039] 496
[17207, 23295] 410
[17207, 20079] 204
[17207, 21061] 338
[17207, 20745] 390
[17207, 21300] 368
[17207, 18954] 160
[17207, 19484] 186
[17207, 28619] 724
[17207, 30162] 826
[17207, 32062] 840
[17207, 30155] 828
[17207, 30329] 718
[17207, 32202] 836
[17207, 32746] 1292
[15728, 18089] 778
[15728, 20006] 712
[15728, 18703] 598
[15728, 18458] 752
[15728, 19155] 702
[15728, 19039] 372
[15728, 27386] 742
[15728, 21116] 730
[15728, 24352] 772
[15728, 23742] 770
[15728, 20848] 402
[15728, 23411] 528
[15728, 23994] 654
[15728, 27316] 818
[15728, 27411] 776
[15728, 27395] 780
[15728, 25182] 734
[15728, 25498] 806
[15728, 27376] 738
[15728, 24027] 678
[15728, 26039] 718
[15728, 23295] 632
[15728, 20079] 426
[15728, 21061] 560
[15728, 20745] 612
[15728, 21300] 590
[15728, 18954] 386
[15728, 19484] 408
[15728, 28619] 946
[15728, 30162] 1048
[15728, 32062] 1062
[15728, 30155] 1050
[15728, 30329] 940
[15728, 32202] 1058
[15728, 32746] 1514
[18089, 20006] 94
[18089, 18703] 240
[18089, 18458] 54
[18089, 19155] 128
[18089, 19039] 542
[18089, 27386] 532
[18089, 21116] 204
[18089, 24352] 238
[18089, 23742] 236
[18089, 20848] 612
[18089, 23411] 798
[18089, 23994] 424
[18089, 27316] 628
[18089, 27411] 586
[18089, 27395] 590
[18089, 25182] 544
[18089, 25498] 616
[18089, 27376] 528
[18089, 24027] 488
[18089, 26039] 508
[18089, 23295] 442
[18089, 20079] 484
[18089, 21061] 338
[18089, 20745] 266
[18089, 21300] 344
[18089, 18954] 520
[18089, 19484] 490
[18089, 28619] 384
[18089, 30162] 842
[18089, 32062] 856
[18089, 30155] 844
[18089, 30329] 734
[18089, 32202] 852
[18089, 32746] 952
[20006, 18703] 174
[20006, 18458] 68
[20006, 19155] 66
[20006, 19039] 476
[20006, 27386] 466
[20006, 21116] 138
[20006, 24352] 172
[20006, 23742] 170
[20006, 20848] 546
[20006, 23411] 732
[20006, 23994] 358
[20006, 27316] 562
[20006, 27411] 520
[20006, 27395] 524
[20006, 25182] 478
[20006, 25498] 550
[20006, 27376] 462
[20006, 24027] 422
[20006, 26039] 442
[20006, 23295] 376
[20006, 20079] 418
[20006, 21061] 272
[20006, 20745] 200
[20006, 21300] 278
[20006, 18954] 454
[20006, 19484] 424
[20006, 28619] 318
[20006, 30162] 776
[20006, 32062] 790
[20006, 30155] 778
[20006, 30329] 668
[20006, 32202] 786
[20006, 32746] 886
[18703, 18458] 214
[18703, 19155] 164
[18703, 19039] 386
[18703, 27386] 376
[18703, 21116] 216
[18703, 24352] 250
[18703, 23742] 248
[18703, 20848] 456
[18703, 23411] 618
[18703, 23994] 268
[18703, 27316] 472
[18703, 27411] 430
[18703, 27395] 434
[18703, 25182] 388
[18703, 25498] 460
[18703, 27376] 372
[18703, 24027] 332
[18703, 26039] 352
[18703, 23295] 286
[18703, 20079] 328
[18703, 21061] 182
[18703, 20745] 110
[18703, 21300] 188
[18703, 18954] 364
[18703, 19484] 334
[18703, 28619] 408
[18703, 30162] 702
[18703, 32062] 716
[18703, 30155] 704
[18703, 30329] 594
[18703, 32202] 712
[18703, 32746] 976
[18458, 19155] 102
[18458, 19039] 516
[18458, 27386] 506
[18458, 21116] 178
[18458, 24352] 212
[18458, 23742] 210
[18458, 20848] 586
[18458, 23411] 772
[18458, 23994] 398
[18458, 27316] 602
[18458, 27411] 560
[18458, 27395] 564
[18458, 25182] 518
[18458, 25498] 590
[18458, 27376] 502
[18458, 24027] 462
[18458, 26039] 482
[18458, 23295] 416
[18458, 20079] 458
[18458, 21061] 312
[18458, 20745] 240
[18458, 21300] 318
[18458, 18954] 494
[18458, 19484] 464
[18458, 28619] 358
[18458, 30162] 816
[18458, 32062] 830
[18458, 30155] 818
[18458, 30329] 708
[18458, 32202] 826
[18458, 32746] 926
[19155, 19039] 466
[19155, 27386] 456
[19155, 21116] 128
[19155, 24352] 162
[19155, 23742] 160
[19155, 20848] 536
[19155, 23411] 722
[19155, 23994] 348
[19155, 27316] 552
[19155, 27411] 510
[19155, 27395] 514
[19155, 25182] 468
[19155, 25498] 540
[19155, 27376] 452
[19155, 24027] 412
[19155, 26039] 432
[19155, 23295] 366
[19155, 20079] 408
[19155, 21061] 262
[19155, 20745] 190
[19155, 21300] 268
[19155, 18954] 444
[19155, 19484] 414
[19155, 28619] 308
[19155, 30162] 766
[19155, 32062] 780
[19155, 30155] 768
[19155, 30329] 658
[19155, 32202] 776
[19155, 32746] 876
[19039, 27386] 402
[19039, 21116] 434
[19039, 24352] 476
[19039, 23742] 474
[19039, 20848] 86
[19039, 23411] 280
[19039, 23994] 314
[19039, 27316] 478
[19039, 27411] 436
[19039, 27395] 440
[19039, 25182] 394
[19039, 25498] 466
[19039, 27376] 398
[19039, 24027] 338
[19039, 26039] 378
[19039, 23295] 292
[19039, 20079] 86
[19039, 21061] 220
[19039, 20745] 312
[19039, 21300] 250
[19039, 18954] 42
[19039, 19484] 68
[19039, 28619] 642
[19039, 30162] 708
[19039, 32062] 722
[19039, 30155] 710
[19039, 30329] 600
[19039, 32202] 718
[19039, 32746] 1222
[27386, 21116] 424
[27386, 24352] 466
[27386, 23742] 464
[27386, 20848] 472
[27386, 23411] 662
[27386, 23994] 244
[27386, 27316] 144
[27386, 27411] 86
[27386, 27395] 90
[27386, 25182] 92
[27386, 25498] 144
[27386, 27376] 20
[27386, 24027] 144
[27386, 26039] 44
[27386, 23295] 182
[27386, 20079] 344
[27386, 21061] 210
[27386, 20745] 302
[27386, 21300] 228
[27386, 18954] 380
[27386, 19484] 350
[27386, 28619] 368
[27386, 30162] 358
[27386, 32062] 372
[27386, 30155] 360
[27386, 30329] 250
[27386, 32202] 368
[27386, 32746] 1212
[21116, 24352] 110
[21116, 23742] 108
[21116, 20848] 504
[21116, 23411] 694
[21116, 23994] 316
[21116, 27316] 520
[21116, 27411] 478
[21116, 27395] 482
[21116, 25182] 436
[21116, 25498] 508
[21116, 27376] 420
[21116, 24027] 380
[21116, 26039] 400
[21116, 23295] 334
[21116, 20079] 376
[21116, 21061] 230
[21116, 20745] 134
[21116, 21300] 236
[21116, 18954] 412
[21116, 19484] 382
[21116, 28619] 284
[21116, 30162] 742
[21116, 32062] 756
[21116, 30155] 744
[21116, 30329] 634
[21116, 32202] 752
[21116, 32746] 852
[24352, 23742] 18
[24352, 20848] 546
[24352, 23411] 736
[24352, 23994] 358
[24352, 27316] 562
[24352, 27411] 520
[24352, 27395] 524
[24352, 25182] 478
[24352, 25498] 550
[24352, 27376] 462
[24352, 24027] 422
[24352, 26039] 442
[24352, 23295] 376
[24352, 20079] 418
[24352, 21061] 272
[24352, 20745] 176
[24352, 21300] 278
[24352, 18954] 454
[24352, 19484] 424
[24352, 28619] 198
[24352, 30162] 656
[24352, 32062] 670
[24352, 30155] 658
[24352, 30329] 548
[24352, 32202] 666
[24352, 32746] 866
[23742, 20848] 544
[23742, 23411] 734
[23742, 23994] 356
[23742, 27316] 560
[23742, 27411] 518
[23742, 27395] 522
[23742, 25182] 476
[23742, 25498] 548
[23742, 27376] 460
[23742, 24027] 420
[23742, 26039] 440
[23742, 23295] 374
[23742, 20079] 416
[23742, 21061] 270
[23742, 20745] 174
[23742, 21300] 276
[23742, 18954] 452
[23742, 19484] 422
[23742, 28619] 200
[23742, 30162] 658
[23742, 32062] 672
[23742, 30155] 660
[23742, 30329] 550
[23742, 32202] 668
[23742, 32746] 868
[20848, 23411] 310
[20848, 23994] 384
[20848, 27316] 548
[20848, 27411] 506
[20848, 27395] 510
[20848, 25182] 464
[20848, 25498] 536
[20848, 27376] 468
[20848, 24027] 408
[20848, 26039] 448
[20848, 23295] 362
[20848, 20079] 156
[20848, 21061] 290
[20848, 20745] 382
[20848, 21300] 320
[20848, 18954] 112
[20848, 19484] 138
[20848, 28619] 712
[20848, 30162] 778
[20848, 32062] 792
[20848, 30155] 780
[20848, 30329] 670
[20848, 32202] 788
[20848, 32746] 1292
[23411, 23994] 574
[23411, 27316] 738
[23411, 27411] 696
[23411, 27395] 700
[23411, 25182] 654
[23411, 25498] 726
[23411, 27376] 658
[23411, 24027] 598
[23411, 26039] 638
[23411, 23295] 552
[23411, 20079] 346
[23411, 21061] 480
[23411, 20745] 572
[23411, 21300] 510
[23411, 18954] 302
[23411, 19484] 328
[23411, 28619] 902
[23411, 30162] 968
[23411, 32062] 982
[23411, 30155] 970
[23411, 30329] 860
[23411, 32202] 978
[23411, 32746] 1482
[23994, 27316] 340
[23994, 27411] 298
[23994, 27395] 302
[23994, 25182] 264
[23994, 25498] 328
[23994, 27376] 240
[23994, 24027] 208
[23994, 26039] 220
[23994, 23295] 162
[23994, 20079] 256
[23994, 21061] 122
[23994, 20745] 194
[23994, 21300] 120
[23994, 18954] 292
[23994, 19484] 262
[23994, 28619] 464
[23994, 30162] 570
[23994, 32062] 584
[23994, 30155] 572
[23994, 30329] 462
[23994, 32202] 580
[23994, 32746] 1104
[27316, 27411] 106
[27316, 27395] 114
[27316, 25182] 116
[27316, 25498] 56
[27316, 27376] 148
[27316, 24027] 180
[27316, 26039] 140
[27316, 23295] 218
[27316, 20079] 420
[27316, 21061] 306
[27316, 20745] 398
[27316, 21300] 324
[27316, 18954] 456
[27316, 19484] 426
[27316, 28619] 480
[27316, 30162] 378
[27316, 32062] 392
[27316, 30155] 380
[27316, 30329] 270
[27316, 32202] 388
[27316, 32746] 1308
[27411, 27395] 36
[27411, 25182] 74
[27411, 25498] 106
[27411, 27376] 90
[27411, 24027] 138
[27411, 26039] 98
[27411, 23295] 176
[27411, 20079] 378
[27411, 21061] 264
[27411, 20745] 356
[27411, 21300] 282
[27411, 18954] 414
[27411, 19484] 384
[27411, 28619] 422
[27411, 30162] 284
[27411, 32062] 298
[27411, 30155] 286
[27411, 30329] 176
[27411, 32202] 294
[27411, 32746] 1266
[27395, 25182] 78
[27395, 25498] 114
[27395, 27376] 94
[27395, 24027] 142
[27395, 26039] 102
[27395, 23295] 180
[27395, 20079] 382
[27395, 21061] 268
[27395, 20745] 360
[27395, 21300] 286
[27395, 18954] 418
[27395, 19484] 388
[27395, 28619] 426
[27395, 30162] 308
[27395, 32062] 322
[27395, 30155] 310
[27395, 30329] 200
[27395, 32202] 318
[27395, 32746] 1270
[25182, 25498] 104
[25182, 27376] 96
[25182, 24027] 96
[25182, 26039] 76
[25182, 23295] 134
[25182, 20079] 336
[25182, 21061] 222
[25182, 20745] 314
[25182, 21300] 240
[25182, 18954] 372
[25182, 19484] 342
[25182, 28619] 428
[25182, 30162] 346
[25182, 32062] 360
[25182, 30155] 348
[25182, 30329] 238
[25182, 32202] 356
[25182, 32746] 1224
[25498, 27376] 148
[25498, 24027] 168
[25498, 26039] 128
[25498, 23295] 206
[25498, 20079] 408
[25498, 21061] 294
[25498, 20745] 386
[25498, 21300] 312
[25498, 18954] 444
[25498, 19484] 414
[25498, 28619] 480
[25498, 30162] 378
[25498, 32062] 392
[25498, 30155] 380
[25498, 30329] 270
[25498, 32202] 388
[25498, 32746] 1296
[27376, 24027] 148
[27376, 26039] 44
[27376, 23295] 186
[27376, 20079] 340
[27376, 21061] 206
[27376, 20745] 298
[27376, 21300] 224
[27376, 18954] 376
[27376, 19484] 346
[27376, 28619] 364
[27376, 30162] 362
[27376, 32062] 376
[27376, 30155] 364
[27376, 30329] 254
[27376, 32202] 372
[27376, 32746] 1208
[24027, 26039] 128
[24027, 23295] 78
[24027, 20079] 280
[24027, 21061] 166
[24027, 20745] 258
[24027, 21300] 184
[24027, 18954] 316
[24027, 19484] 286
[24027, 28619] 480
[24027, 30162] 410
[24027, 32062] 424
[24027, 30155] 412
[24027, 30329] 302
[24027, 32202] 420
[24027, 32746] 1168
[26039, 23295] 166
[26039, 20079] 320
[26039, 21061] 186
[26039, 20745] 278
[26039, 21300] 204
[26039, 18954] 356
[26039, 19484] 326
[26039, 28619] 372
[26039, 30162] 370
[26039, 32062] 384
[26039, 30155] 372
[26039, 30329] 262
[26039, 32202] 380
[26039, 32746] 1188
[23295, 20079] 234
[23295, 21061] 120
[23295, 20745] 212
[23295, 21300] 138
[23295, 18954] 270
[23295, 19484] 240
[23295, 28619] 490
[23295, 30162] 448
[23295, 32062] 462
[23295, 30155] 450
[23295, 30329] 340
[23295, 32202] 458
[23295, 32746] 1122
[20079, 21061] 162
[20079, 20745] 254
[20079, 21300] 192
[20079, 18954] 64
[20079, 19484] 34
[20079, 28619] 584
[20079, 30162] 650
[20079, 32062] 664
[20079, 30155] 652
[20079, 30329] 542
[20079, 32202] 660
[20079, 32746] 1164
[21061, 20745] 108
[21061, 21300] 58
[21061, 18954] 198
[21061, 19484] 168
[21061, 28619] 446
[21061, 30162] 536
[21061, 32062] 550
[21061, 30155] 538
[21061, 30329] 428
[21061, 32202] 546
[21061, 32746] 1018
[20745, 21300] 114
[20745, 18954] 290
[20745, 19484] 260
[20745, 28619] 350
[20745, 30162] 628
[20745, 32062] 642
[20745, 30155] 630
[20745, 30329] 520
[20745, 32202] 638
[20745, 32746] 922
[21300, 18954] 228
[21300, 19484] 198
[21300, 28619] 448
[21300, 30162] 554
[21300, 32062] 568
[21300, 30155] 556
[21300, 30329] 446
[21300, 32202] 564
[21300, 32746] 1024
[18954, 19484] 46
[18954, 28619] 620
[18954, 30162] 686
[18954, 32062] 700
[18954, 30155] 688
[18954, 30329] 578
[18954, 32202] 696
[18954, 32746] 1200
[19484, 28619] 590
[19484, 30162] 656
[19484, 32062] 670
[19484, 30155] 658
[19484, 30329] 548
[19484, 32202] 666
[19484, 32746] 1170
[28619, 30162] 530
[28619, 32062] 544
[28619, 30155] 532
[28619, 30329] 422
[28619, 32202] 540
[28619, 32746] 976
[30162, 32062] 98
[30162, 30155] 14
[30162, 30329] 172
[30162, 32202] 94
[30162, 32746] 1434
[32062, 30155] 100
[32062, 30329] 186
[32062, 32202] 28
[32062, 32746] 1448
[30155, 30329] 174
[30155, 32202] 96
[30155, 32746] 1436
[30329, 32202] 182
[30329, 32746] 1326
[32202, 32746] 1444
[7823, 8211] 102
[6679, 8211] 130
[4626, 8211] 148
[7671, 8211] 114
[1592, 8211] 408
[1813, 8211] 370
[10688, 8211] 542
[8169, 8211] 454
[10635, 8211] 598
[10417, 8211] 594
[8236, 8211] 416
[6205, 8211] 468
[6686, 8211] 440
[3527, 8211] 416
[8210, 8211] 458
[16230, 8211] 492
[8643, 8211] 454
[10955, 8211] 764
[11356, 8211] 738
[12593, 8211] 718
[13107, 8211] 714
[16008, 8211] 678
[12670, 8211] 686
[11407, 8211] 738
[11087, 8211] 770
[15365, 8211] 676
[13420, 8211] 686
[14140, 8211] 544
[17207, 8211] 500
[15728, 8211] 698
[18089, 8211] 620
[20006, 8211] 662
[18703, 8211] 548
[18458, 8211] 622
[19155, 8211] 660
[19039, 8211] 518
[27386, 8211] 852
[21116, 8211] 704
[24352, 8211] 746
[23742, 8211] 744
[20848, 8211] 588
[23411, 8211] 746
[23994, 8211] 744
[27316, 8211] 936
[27411, 8211] 894
[27395, 8211] 898
[25182, 8211] 852
[25498, 8211] 924
[27376, 8211] 848
[24027, 8211] 796
[26039, 8211] 828
[23295, 8211] 750
[20079, 8211] 544
[21061, 8211] 658
[20745, 8211] 586
[21300, 8211] 664
[18954, 8211] 508
[19484, 8211] 526
[28619, 8211] 904
[30162, 8211] 1166
[32062, 8211] 1180
[30155, 8211] 1168
[30329, 8211] 1058
[32202, 8211] 1176
[32746, 8211] 1472
[6679, 7823] 52
[4626, 7823] 142
[7671, 7823] 108
[1592, 7823] 322
[1813, 7823] 284
[10688, 7823] 480
[8169, 7823] 392
[10635, 7823] 536
[10417, 7823] 532
[8236, 7823] 354
[6205, 7823] 382
[6686, 7823] 354
[3527, 7823] 330
[8210, 7823] 396
[16230, 7823] 430
[8643, 7823] 392
[10955, 7823] 702
[11356, 7823] 676
[12593, 7823] 656
[13107, 7823] 652
[16008, 7823] 616
[12670, 7823] 624
[11407, 7823] 676
[11087, 7823] 708
[15365, 7823] 614
[13420, 7823] 624
[14140, 7823] 482
[17207, 7823] 438
[15728, 7823] 636
[18089, 7823] 578
[20006, 7823] 620
[18703, 7823] 506
[18458, 7823] 580
[19155, 7823] 614
[19039, 7823] 456
[27386, 7823] 790
[21116, 7823] 642
[24352, 7823] 684
[23742, 7823] 682
[20848, 7823] 526
[23411, 7823] 684
[23994, 7823] 682
[27316, 7823] 874
[27411, 7823] 832
[27395, 7823] 836
[25182, 7823] 790
[25498, 7823] 862
[27376, 7823] 786
[24027, 7823] 734
[26039, 7823] 766
[23295, 7823] 688
[20079, 7823] 482
[21061, 7823] 596
[20745, 7823] 524
[21300, 7823] 602
[18954, 7823] 446
[19484, 7823] 464
[28619, 7823] 858
[30162, 7823] 1104
[32062, 7823] 1118
[30155, 7823] 1106
[30329, 7823] 996
[32202, 7823] 1114
[32746, 7823] 1426
[4626, 6679] 142
[7671, 6679] 108
[1592, 6679] 338
[1813, 6679] 300
[10688, 6679] 508
[8169, 6679] 420
[10635, 6679] 564
[10417, 6679] 560
[8236, 6679] 382
[6205, 6679] 398
[6686, 6679] 370
[3527, 6679] 346
[8210, 6679] 424
[16230, 6679] 458
[8643, 6679] 420
[10955, 6679] 730
[11356, 6679] 704
[12593, 6679] 684
[13107, 6679] 680
[16008, 6679] 644
[12670, 6679] 652
[11407, 6679] 704
[11087, 6679] 736
[15365, 6679] 642
[13420, 6679] 652
[14140, 6679] 510
[17207, 6679] 466
[15728, 6679] 664
[18089, 6679] 606
[20006, 6679] 648
[18703, 6679] 534
[18458, 6679] 608
[19155, 6679] 642
[19039, 6679] 484
[27386, 6679] 818
[21116, 6679] 670
[24352, 6679] 712
[23742, 6679] 710
[20848, 6679] 554
[23411, 6679] 712
[23994, 6679] 710
[27316, 6679] 902
[27411, 6679] 860
[27395, 6679] 864
[25182, 6679] 818
[25498, 6679] 890
[27376, 6679] 814
[24027, 6679] 762
[26039, 6679] 794
[23295, 6679] 716
[20079, 6679] 510
[21061, 6679] 624
[20745, 6679] 552
[21300, 6679] 630
[18954, 6679] 474
[19484, 6679] 492
[28619, 6679] 886
[30162, 6679] 1132
[32062, 6679] 1146
[30155, 6679] 1134
[30329, 6679] 1024
[32202, 6679] 1142
[32746, 6679] 1454
[7671, 4626] 106
[1592, 4626] 428
[1813, 4626] 390
[10688, 4626] 586
[8169, 4626] 498
[10635, 4626] 642
[10417, 4626] 638
[8236, 4626] 460
[6205, 4626] 488
[6686, 4626] 460
[3527, 4626] 436
[8210, 4626] 502
[16230, 4626] 536
[8643, 4626] 498
[10955, 4626] 808
[11356, 4626] 782
[12593, 4626] 762
[13107, 4626] 758
[16008, 4626] 722
[12670, 4626] 730
[11407, 4626] 782
[11087, 4626] 814
[15365, 4626] 720
[13420, 4626] 730
[14140, 4626] 588
[17207, 4626] 544
[15728, 4626] 742
[18089, 4626] 664
[20006, 4626] 706
[18703, 4626] 592
[18458, 4626] 666
[19155, 4626] 704
[19039, 4626] 562
[27386, 4626] 896
[21116, 4626] 748
[24352, 4626] 790
[23742, 4626] 788
[20848, 4626] 632
[23411, 4626] 790
[23994, 4626] 788
[27316, 4626] 980
[27411, 4626] 938
[27395, 4626] 942
[25182, 4626] 896
[25498, 4626] 968
[27376, 4626] 892
[24027, 4626] 840
[26039, 4626] 872
[23295, 4626] 794
[20079, 4626] 588
[21061, 4626] 702
[20745, 4626] 630
[21300, 4626] 708
[18954, 4626] 552
[19484, 4626] 570
[28619, 4626] 948
[30162, 4626] 1210
[32062, 4626] 1224
[30155, 4626] 1212
[30329, 4626] 1102
[32202, 4626] 1220
[32746, 4626] 1516
[1592, 7671] 394
[1813, 7671] 356
[10688, 7671] 552
[8169, 7671] 464
[10635, 7671] 608
[10417, 7671] 604
[8236, 7671] 426
[6205, 7671] 454
[6686, 7671] 426
[3527, 7671] 402
[8210, 7671] 468
[16230, 7671] 502
[8643, 7671] 464
[10955, 7671] 774
[11356, 7671] 748
[12593, 7671] 728
[13107, 7671] 724
[16008, 7671] 688
[12670, 7671] 696
[11407, 7671] 748
[11087, 7671] 780
[15365, 7671] 686
[13420, 7671] 696
[14140, 7671] 554
[17207, 7671] 510
[15728, 7671] 708
[18089, 7671] 630
[20006, 7671] 672
[18703, 7671] 558
[18458, 7671] 632
[19155, 7671] 670
[19039, 7671] 528
[27386, 7671] 862
[21116, 7671] 714
[24352, 7671] 756
[23742, 7671] 754
[20848, 7671] 598
[23411, 7671] 756
[23994, 7671] 754
[27316, 7671] 946
[27411, 7671] 904
[27395, 7671] 908
[25182, 7671] 862
[25498, 7671] 934
[27376, 7671] 858
[24027, 7671] 806
[26039, 7671] 838
[23295, 7671] 760
[20079, 7671] 554
[21061, 7671] 668
[20745, 7671] 596
[21300, 7671] 674
[18954, 7671] 518
[19484, 7671] 536
[28619, 7671] 914
[30162, 7671] 1176
[32062, 7671] 1190
[30155, 7671] 1178
[30329, 7671] 1068
[32202, 7671] 1186
[32746, 7671] 1482
[1813, 1592] 54
[10688, 1592] 368
[8169, 1592] 256
[10635, 1592] 472
[10417, 1592] 468
[8236, 1592] 278
[6205, 1592] 178
[6686, 1592] 166
[3527, 1592] 92
[8210, 1592] 264
[16230, 1592] 462
[8643, 1592] 280
[10955, 1592] 730
[11356, 1592] 704
[12593, 1592] 684
[13107, 1592] 680
[16008, 1592] 644
[12670, 1592] 652
[11407, 1592] 704
[11087, 1592] 736
[15365, 1592] 642
[13420, 1592] 652
[14140, 1592] 510
[17207, 1592] 470
[15728, 1592] 664
[18089, 1592] 874
[20006, 1592] 908
[18703, 1592] 794
[18458, 1592] 876
[19155, 1592] 898
[19039, 1592] 576
[27386, 1592] 946
[21116, 1592] 926
[24352, 1592] 968
[23742, 1592] 966
[20848, 1592] 606
[23411, 1592] 732
[23994, 1592] 858
[27316, 1592] 1022
[27411, 1592] 980
[27395, 1592] 984
[25182, 1592] 938
[25498, 1592] 1010
[27376, 1592] 942
[24027, 1592] 882
[26039, 1592] 922
[23295, 1592] 836
[20079, 1592] 630
[21061, 1592] 764
[20745, 1592] 808
[21300, 1592] 794
[18954, 1592] 590
[19484, 1592] 612
[28619, 1592] 1142
[30162, 1592] 1252
[32062, 1592] 1266
[30155, 1592] 1254
[30329, 1592] 1144
[32202, 1592] 1262
[32746, 1592] 1710
[10688, 1813] 370
[8169, 1813] 258
[10635, 1813] 474
[10417, 1813] 470
[8236, 1813] 280
[6205, 1813] 180
[6686, 1813] 152
[3527, 1813] 94
[8210, 1813] 266
[16230, 1813] 464
[8643, 1813] 282
[10955, 1813] 732
[11356, 1813] 706
[12593, 1813] 686
[13107, 1813] 682
[16008, 1813] 646
[12670, 1813] 654
[11407, 1813] 706
[11087, 1813] 738
[15365, 1813] 644
[13420, 1813] 654
[14140, 1813] 512
[17207, 1813] 472
[15728, 1813] 666
[18089, 1813] 846
[20006, 1813] 888
[18703, 1813] 774
[18458, 1813] 848
[19155, 1813] 882
[19039, 1813] 578
[27386, 1813] 948
[21116, 1813] 910
[24352, 1813] 952
[23742, 1813] 950
[20848, 1813] 608
[23411, 1813] 734
[23994, 1813] 860
[27316, 1813] 1024
[27411, 1813] 982
[27395, 1813] 986
[25182, 1813] 940
[25498, 1813] 1012
[27376, 1813] 944
[24027, 1813] 884
[26039, 1813] 924
[23295, 1813] 838
[20079, 1813] 632
[21061, 1813] 766
[20745, 1813] 792
[21300, 1813] 796
[18954, 1813] 592
[19484, 1813] 614
[28619, 1813] 1126
[30162, 1813] 1254
[32062, 1813] 1268
[30155, 1813] 1256
[30329, 1813] 1146
[32202, 1813] 1264
[32746, 1813] 1694
[8169, 10688] 148
[10635, 10688] 148
[10417, 10688] 144
[8236, 10688] 158
[6205, 10688] 234
[6686, 10688] 242
[3527, 10688] 300
[8210, 10688] 152
[16230, 10688] 134
[8643, 10688] 128
[10955, 10688] 402
[11356, 10688] 376
[12593, 10688] 356
[13107, 10688] 352
[16008, 10688] 316
[12670, 10688] 324
[11407, 10688] 376
[11087, 10688] 408
[15365, 10688] 314
[13420, 10688] 324
[14140, 10688] 182
[17207, 10688] 142
[15728, 10688] 336
[18089, 10688] 654
[20006, 10688] 588
[18703, 10688] 474
[18458, 10688] 628
[19155, 10688] 578
[19039, 10688] 248
[27386, 10688] 618
[21116, 10688] 606
[24352, 10688] 648
[23742, 10688] 646
[20848, 10688] 278
[23411, 10688] 404
[23994, 10688] 530
[27316, 10688] 694
[27411, 10688] 652
[27395, 10688] 656
[25182, 10688] 610
[25498, 10688] 682
[27376, 10688] 614
[24027, 10688] 554
[26039, 10688] 594
[23295, 10688] 508
[20079, 10688] 302
[21061, 10688] 436
[20745, 10688] 488
[21300, 10688] 466
[18954, 10688] 262
[19484, 10688] 284
[28619, 10688] 822
[30162, 10688] 924
[32062, 10688] 938
[30155, 10688] 926
[30329, 10688] 816
[32202, 10688] 934
[32746, 10688] 1390
[10635, 8169] 252
[10417, 8169] 248
[8236, 8169] 70
[6205, 8169] 122
[6686, 8169] 130
[3527, 8169] 188
[8210, 8169] 32
[16230, 8169] 242
[8643, 8169] 60
[10955, 8169] 510
[11356, 8169] 484
[12593, 8169] 464
[13107, 8169] 460
[16008, 8169] 424
[12670, 8169] 432
[11407, 8169] 484
[11087, 8169] 516
[15365, 8169] 422
[13420, 8169] 432
[14140, 8169] 290
[17207, 8169] 250
[15728, 8169] 444
[18089, 8169] 666
[20006, 8169] 696
[18703, 8169] 582
[18458, 8169] 668
[19155, 8169] 686
[19039, 8169] 356
[27386, 8169] 726
[21116, 8169] 714
[24352, 8169] 756
[23742, 8169] 754
[20848, 8169] 386
[23411, 8169] 512
[23994, 8169] 638
[27316, 8169] 802
[27411, 8169] 760
[27395, 8169] 764
[25182, 8169] 718
[25498, 8169] 790
[27376, 8169] 722
[24027, 8169] 662
[26039, 8169] 702
[23295, 8169] 616
[20079, 8169] 410
[21061, 8169] 544
[20745, 8169] 596
[21300, 8169] 574
[18954, 8169] 370
[19484, 8169] 392
[28619, 8169] 930
[30162, 8169] 1032
[32062, 8169] 1046
[30155, 8169] 1034
[30329, 8169] 924
[32202, 8169] 1042
[32746, 8169] 1498
[10417, 10635] 36
[8236, 10635] 262
[6205, 10635] 338
[6686, 10635] 346
[3527, 10635] 404
[8210, 10635] 256
[16230, 10635] 170
[8643, 10635] 232
[10955, 10635] 438
[11356, 10635] 412
[12593, 10635] 392
[13107, 10635] 388
[16008, 10635] 352
[12670, 10635] 360
[11407, 10635] 412
[11087, 10635] 444
[15365, 10635] 350
[13420, 10635] 360
[14140, 10635] 218
[17207, 10635] 178
[15728, 10635] 372
[18089, 10635] 690
[20006, 10635] 624
[18703, 10635] 510
[18458, 10635] 664
[19155, 10635] 614
[19039, 10635] 284
[27386, 10635] 654
[21116, 10635] 642
[24352, 10635] 684
[23742, 10635] 682
[20848, 10635] 314
[23411, 10635] 440
[23994, 10635] 566
[27316, 10635] 730
[27411, 10635] 688
[27395, 10635] 692
[25182, 10635] 646
[25498, 10635] 718
[27376, 10635] 650
[24027, 10635] 590
[26039, 10635] 630
[23295, 10635] 544
[20079, 10635] 338
[21061, 10635] 472
[20745, 10635] 524
[21300, 10635] 502
[18954, 10635] 298
[19484, 10635] 320
[28619, 10635] 858
[30162, 10635] 960
[32062, 10635] 974
[30155, 10635] 962
[30329, 10635] 852
[32202, 10635] 970
[32746, 10635] 1426
[8236, 10417] 258
[6205, 10417] 334
[6686, 10417] 342
[3527, 10417] 400
[8210, 10417] 252
[16230, 10417] 166
[8643, 10417] 228
[10955, 10417] 434
[11356, 10417] 408
[12593, 10417] 388
[13107, 10417] 384
[16008, 10417] 348
[12670, 10417] 356
[11407, 10417] 408
[11087, 10417] 440
[15365, 10417] 346
[13420, 10417] 356
[14140, 10417] 214
[17207, 10417] 174
[15728, 10417] 368
[18089, 10417] 686
[20006, 10417] 620
[18703, 10417] 506
[18458, 10417] 660
[19155, 10417] 610
[19039, 10417] 280
[27386, 10417] 650
[21116, 10417] 638
[24352, 10417] 680
[23742, 10417] 678
[20848, 10417] 310
[23411, 10417] 436
[23994, 10417] 562
[27316, 10417] 726
[27411, 10417] 684
[27395, 10417] 688
[25182, 10417] 642
[25498, 10417] 714
[27376, 10417] 646
[24027, 10417] 586
[26039, 10417] 626
[23295, 10417] 540
[20079, 10417] 334
[21061, 10417] 468
[20745, 10417] 520
[21300, 10417] 498
[18954, 10417] 294
[19484, 10417] 316
[28619, 10417] 854
[30162, 10417] 956
[32062, 10417] 970
[30155, 10417] 958
[30329, 10417] 848
[32202, 10417] 966
[32746, 10417] 1422
[6205, 8236] 144
[6686, 8236] 152
[3527, 8236] 210
[8210, 8236] 74
[16230, 8236] 252
[8643, 8236] 70
[10955, 8236] 520
[11356, 8236] 494
[12593, 8236] 474
[13107, 8236] 470
[16008, 8236] 434
[12670, 8236] 442
[11407, 8236] 494
[11087, 8236] 526
[15365, 8236] 432
[13420, 8236] 442
[14140, 8236] 300
[17207, 8236] 260
[15728, 8236] 454
[18089, 8236] 628
[20006, 8236] 662
[18703, 8236] 548
[18458, 8236] 630
[19155, 8236] 652
[19039, 8236] 366
[27386, 8236] 736
[21116, 8236] 680
[24352, 8236] 722
[23742, 8236] 720
[20848, 8236] 396
[23411, 8236] 522
[23994, 8236] 648
[27316, 8236] 812
[27411, 8236] 770
[27395, 8236] 774
[25182, 8236] 728
[25498, 8236] 800
[27376, 8236] 732
[24027, 8236] 672
[26039, 8236] 712
[23295, 8236] 626
[20079, 8236] 420
[21061, 8236] 554
[20745, 8236] 562
[21300, 8236] 584
[18954, 8236] 380
[19484, 8236] 402
[28619, 8236] 896
[30162, 8236] 1042
[32062, 8236] 1056
[30155, 8236] 1044
[30329, 8236] 934
[32202, 8236] 1052
[32746, 8236] 1464
[6686, 6205] 52
[3527, 6205] 110
[8210, 6205] 130
[16230, 6205] 328
[8643, 6205] 146
[10955, 6205] 596
[11356, 6205] 570
[12593, 6205] 550
[13107, 6205] 546
[16008, 6205] 510
[12670, 6205] 518
[11407, 6205] 570
[11087, 6205] 602
[15365, 6205] 508
[13420, 6205] 518
[14140, 6205] 376
[17207, 6205] 336
[15728, 6205] 530
[18089, 6205] 740
[20006, 6205] 774
[18703, 6205] 660
[18458, 6205] 742
[19155, 6205] 764
[19039, 6205] 442
[27386, 6205] 812
[21116, 6205] 792
[24352, 6205] 834
[23742, 6205] 832
[20848, 6205] 472
[23411, 6205] 598
[23994, 6205] 724
[27316, 6205] 888
[27411, 6205] 846
[27395, 6205] 850
[25182, 6205] 804
[25498, 6205] 876
[27376, 6205] 808
[24027, 6205] 748
[26039, 6205] 788
[23295, 6205] 702
[20079, 6205] 496
[21061, 6205] 630
[20745, 6205] 674
[21300, 6205] 660
[18954, 6205] 456
[19484, 6205] 478
[28619, 6205] 1008
[30162, 6205] 1118
[32062, 6205] 1132
[30155, 6205] 1120
[30329, 6205] 1010
[32202, 6205] 1128
[32746, 6205] 1576
[3527, 6686] 98
[8210, 6686] 138
[16230, 6686] 336
[8643, 6686] 154
[10955, 6686] 604
[11356, 6686] 578
[12593, 6686] 558
[13107, 6686] 554
[16008, 6686] 518
[12670, 6686] 526
[11407, 6686] 578
[11087, 6686] 610
[15365, 6686] 516
[13420, 6686] 526
[14140, 6686] 384
[17207, 6686] 344
[15728, 6686] 538
[18089, 6686] 748
[20006, 6686] 782
[18703, 6686] 668
[18458, 6686] 750
[19155, 6686] 772
[19039, 6686] 450
[27386, 6686] 820
[21116, 6686] 800
[24352, 6686] 842
[23742, 6686] 840
[20848, 6686] 480
[23411, 6686] 606
[23994, 6686] 732
[27316, 6686] 896
[27411, 6686] 854
[27395, 6686] 858
[25182, 6686] 812
[25498, 6686] 884
[27376, 6686] 816
[24027, 6686] 756
[26039, 6686] 796
[23295, 6686] 710
[20079, 6686] 504
[21061, 6686] 638
[20745, 6686] 682
[21300, 6686] 668
[18954, 6686] 464
[19484, 6686] 486
[28619, 6686] 1016
[30162, 6686] 1126
[32062, 6686] 1140
[30155, 6686] 1128
[30329, 6686] 1018
[32202, 6686] 1136
[32746, 6686] 1584
[8210, 3527] 196
[16230, 3527] 394
[8643, 3527] 212
[10955, 3527] 662
[11356, 3527] 636
[12593, 3527] 616
[13107, 3527] 612
[16008, 3527] 576
[12670, 3527] 584
[11407, 3527] 636
[11087, 3527] 668
[15365, 3527] 574
[13420, 3527] 584
[14140, 3527] 442
[17207, 3527] 402
[15728, 3527] 596
[18089, 3527] 806
[20006, 3527] 840
[18703, 3527] 726
[18458, 3527] 808
[19155, 3527] 830
[19039, 3527] 508
[27386, 3527] 878
[21116, 3527] 858
[24352, 3527] 900
[23742, 3527] 898
[20848, 3527] 538
[23411, 3527] 664
[23994, 3527] 790
[27316, 3527] 954
[27411, 3527] 912
[27395, 3527] 916
[25182, 3527] 870
[25498, 3527] 942
[27376, 3527] 874
[24027, 3527] 814
[26039, 3527] 854
[23295, 3527] 768
[20079, 3527] 562
[21061, 3527] 696
[20745, 3527] 740
[21300, 3527] 726
[18954, 3527] 522
[19484, 3527] 544
[28619, 3527] 1074
[30162, 3527] 1184
[32062, 3527] 1198
[30155, 3527] 1186
[30329, 3527] 1076
[32202, 3527] 1194
[32746, 3527] 1642
[16230, 8210] 246
[8643, 8210] 64
[10955, 8210] 514
[11356, 8210] 488
[12593, 8210] 468
[13107, 8210] 464
[16008, 8210] 428
[12670, 8210] 436
[11407, 8210] 488
[11087, 8210] 520
[15365, 8210] 426
[13420, 8210] 436
[14140, 8210] 294
[17207, 8210] 254
[15728, 8210] 448
[18089, 8210] 670
[20006, 8210] 700
[18703, 8210] 586
[18458, 8210] 672
[19155, 8210] 690
[19039, 8210] 360
[27386, 8210] 730
[21116, 8210] 718
[24352, 8210] 760
[23742, 8210] 758
[20848, 8210] 390
[23411, 8210] 516
[23994, 8210] 642
[27316, 8210] 806
[27411, 8210] 764
[27395, 8210] 768
[25182, 8210] 722
[25498, 8210] 794
[27376, 8210] 726
[24027, 8210] 666
[26039, 8210] 706
[23295, 8210] 620
[20079, 8210] 414
[21061, 8210] 548
[20745, 8210] 600
[21300, 8210] 578
[18954, 8210] 374
[19484, 8210] 396
[28619, 8210] 934
[30162, 8210] 1036
[32062, 8210] 1050
[30155, 8210] 1038
[30329, 8210] 928
[32202, 8210] 1046
[32746, 8210] 1502
[8643, 16230] 222
[10955, 16230] 316
[11356, 16230] 290
[12593, 16230] 270
[13107, 16230] 266
[16008, 16230] 230
[12670, 16230] 238
[11407, 16230] 290
[11087, 16230] 322
[15365, 16230] 228
[13420, 16230] 238
[14140, 16230] 96
[17207, 16230] 32
[15728, 16230] 250
[18089, 16230] 548
[20006, 16230] 482
[18703, 16230] 368
[18458, 16230] 522
[19155, 16230] 472
[19039, 16230] 142
[27386, 16230] 512
[21116, 16230] 500
[24352, 16230] 542
[23742, 16230] 540
[20848, 16230] 172
[23411, 16230] 298
[23994, 16230] 424
[27316, 16230] 588
[27411, 16230] 546
[27395, 16230] 550
[25182, 16230] 504
[25498, 16230] 576
[27376, 16230] 508
[24027, 16230] 448
[26039, 16230] 488
[23295, 16230] 402
[20079, 16230] 196
[21061, 16230] 330
[20745, 16230] 382
[21300, 16230] 360
[18954, 16230] 156
[19484, 16230] 178
[28619, 16230] 716
[30162, 16230] 818
[32062, 16230] 832
[30155, 16230] 820
[30329, 16230] 710
[32202, 16230] 828
[32746, 16230] 1284
[10955, 8643] 490
[11356, 8643] 464
[12593, 8643] 444
[13107, 8643] 440
[16008, 8643] 404
[12670, 8643] 412
[11407, 8643] 464
[11087, 8643] 496
[15365, 8643] 402
[13420, 8643] 412
[14140, 8643] 270
[17207, 8643] 230
[15728, 8643] 424
[18089, 8643] 666
[20006, 8643] 676
[18703, 8643] 562
[18458, 8643] 668
[19155, 8643] 666
[19039, 8643] 336
[27386, 8643] 706
[21116, 8643] 694
[24352, 8643] 736
[23742, 8643] 734
[20848, 8643] 366
[23411, 8643] 492
[23994, 8643] 618
[27316, 8643] 782
[27411, 8643] 740
[27395, 8643] 744
[25182, 8643] 698
[25498, 8643] 770
[27376, 8643] 702
[24027, 8643] 642
[26039, 8643] 682
[23295, 8643] 596
[20079, 8643] 390
[21061, 8643] 524
[20745, 8643] 576
[21300, 8643] 554
[18954, 8643] 350
[19484, 8643] 372
[28619, 8643] 910
[30162, 8643] 1012
[32062, 8643] 1026
[30155, 8643] 1014
[30329, 8643] 904
[32202, 8643] 1022
[32746, 8643] 1478
[11356, 10955] 74
[12593, 10955] 118
[13107, 10955] 114
[16008, 10955] 130
[12670, 10955] 106
[11407, 10955] 74
[11087, 10955] 50
[15365, 10955] 128
[13420, 10955] 106
[14140, 10955] 232
[17207, 10955] 328
[15728, 10955] 134
[18089, 10955] 844
[20006, 10955] 778
[18703, 10955] 664
[18458, 10955] 818
[19155, 10955] 768
[19039, 10955] 438
[27386, 10955] 808
[21116, 10955] 796
[24352, 10955] 838
[23742, 10955] 836
[20848, 10955] 468
[23411, 10955] 594
[23994, 10955] 720
[27316, 10955] 884
[27411, 10955] 842
[27395, 10955] 846
[25182, 10955] 800
[25498, 10955] 872
[27376, 10955] 804
[24027, 10955] 744
[26039, 10955] 784
[23295, 10955] 698
[20079, 10955] 492
[21061, 10955] 626
[20745, 10955] 678
[21300, 10955] 656
[18954, 10955] 452
[19484, 10955] 474
[28619, 10955] 1012
[30162, 10955] 1114
[32062, 10955] 1128
[30155, 10955] 1116
[30329, 10955] 1006
[32202, 10955] 1124
[32746, 10955] 1580
[12593, 11356] 88
[13107, 11356] 84
[16008, 11356] 104
[12670, 11356] 80
[11407, 11356] 48
[11087, 11356] 80
[15365, 11356] 102
[13420, 11356] 80
[14140, 11356] 206
[17207, 11356] 302
[15728, 11356] 104
[18089, 11356] 818
[20006, 11356] 752
[18703, 11356] 638
[18458, 11356] 792
[19155, 11356] 742
[19039, 11356] 412
[27386, 11356] 782
[21116, 11356] 770
[24352, 11356] 812
[23742, 11356] 810
[20848, 11356] 442
[23411, 11356] 568
[23994, 11356] 694
[27316, 11356] 858
[27411, 11356] 816
[27395, 11356] 820
[25182, 11356] 774
[25498, 11356] 846
[27376, 11356] 778
[24027, 11356] 718
[26039, 11356] 758
[23295, 11356] 672
[20079, 11356] 466
[21061, 11356] 600
[20745, 11356] 652
[21300, 11356] 630
[18954, 11356] 426
[19484, 11356] 448
[28619, 11356] 986
[30162, 11356] 1088
[32062, 11356] 1102
[30155, 11356] 1090
[30329, 11356] 980
[32202, 11356] 1098
[32746, 11356] 1554
[13107, 12593] 20
[16008, 12593] 84
[12670, 12593] 60
[11407, 12593] 92
[11087, 12593] 124
[15365, 12593] 82
[13420, 12593] 60
[14140, 12593] 186
[17207, 12593] 282
[15728, 12593] 60
[18089, 12593] 798
[20006, 12593] 732
[18703, 12593] 618
[18458, 12593] 772
[19155, 12593] 722
[19039, 12593] 392
[27386, 12593] 762
[21116, 12593] 750
[24352, 12593] 792
[23742, 12593] 790
[20848, 12593] 422
[23411, 12593] 548
[23994, 12593] 674
[27316, 12593] 838
[27411, 12593] 796
[27395, 12593] 800
[25182, 12593] 754
[25498, 12593] 826
[27376, 12593] 758
[24027, 12593] 698
[26039, 12593] 738
[23295, 12593] 652
[20079, 12593] 446
[21061, 12593] 580
[20745, 12593] 632
[21300, 12593] 610
[18954, 12593] 406
[19484, 12593] 428
[28619, 12593] 966
[30162, 12593] 1068
[32062, 12593] 1082
[30155, 12593] 1070
[30329, 12593] 960
[32202, 12593] 1078
[32746, 12593] 1534
[16008, 13107] 80
[12670, 13107] 56
[11407, 13107] 88
[11087, 13107] 120
[15365, 13107] 78
[13420, 13107] 56
[14140, 13107] 182
[17207, 13107] 278
[15728, 13107] 56
[18089, 13107] 794
[20006, 13107] 728
[18703, 13107] 614
[18458, 13107] 768
[19155, 13107] 718
[19039, 13107] 388
[27386, 13107] 758
[21116, 13107] 746
[24352, 13107] 788
[23742, 13107] 786
[20848, 13107] 418
[23411, 13107] 544
[23994, 13107] 670
[27316, 13107] 834
[27411, 13107] 792
[27395, 13107] 796
[25182, 13107] 750
[25498, 13107] 822
[27376, 13107] 754
[24027, 13107] 694
[26039, 13107] 734
[23295, 13107] 648
[20079, 13107] 442
[21061, 13107] 576
[20745, 13107] 628
[21300, 13107] 606
[18954, 13107] 402
[19484, 13107] 424
[28619, 13107] 962
[30162, 13107] 1064
[32062, 13107] 1078
[30155, 13107] 1066
[30329, 13107] 956
[32202, 13107] 1074
[32746, 13107] 1530
[12670, 16008] 56
[11407, 16008] 104
[11087, 16008] 136
[15365, 16008] 14
[13420, 16008] 56
[14140, 16008] 146
[17207, 16008] 242
[15728, 16008] 52
[18089, 16008] 758
[20006, 16008] 692
[18703, 16008] 578
[18458, 16008] 732
[19155, 16008] 682
[19039, 16008] 352
[27386, 16008] 722
[21116, 16008] 710
[24352, 16008] 752
[23742, 16008] 750
[20848, 16008] 382
[23411, 16008] 508
[23994, 16008] 634
[27316, 16008] 798
[27411, 16008] 756
[27395, 16008] 760
[25182, 16008] 714
[25498, 16008] 786
[27376, 16008] 718
[24027, 16008] 658
[26039, 16008] 698
[23295, 16008] 612
[20079, 16008] 406
[21061, 16008] 540
[20745, 16008] 592
[21300, 16008] 570
[18954, 16008] 366
[19484, 16008] 388
[28619, 16008] 926
[30162, 16008] 1028
[32062, 16008] 1042
[30155, 16008] 1030
[30329, 16008] 920
[32202, 16008] 1038
[32746, 16008] 1494
[11407, 12670] 80
[11087, 12670] 112
[15365, 12670] 54
[13420, 12670] 20
[14140, 12670] 154
[17207, 12670] 250
[15728, 12670] 76
[18089, 12670] 766
[20006, 12670] 700
[18703, 12670] 586
[18458, 12670] 740
[19155, 12670] 690
[19039, 12670] 360
[27386, 12670] 730
[21116, 12670] 718
[24352, 12670] 760
[23742, 12670] 758
[20848, 12670] 390
[23411, 12670] 516
[23994, 12670] 642
[27316, 12670] 806
[27411, 12670] 764
[27395, 12670] 768
[25182, 12670] 722
[25498, 12670] 794
[27376, 12670] 726
[24027, 12670] 666
[26039, 12670] 706
[23295, 12670] 620
[20079, 12670] 414
[21061, 12670] 548
[20745, 12670] 600
[21300, 12670] 578
[18954, 12670] 374
[19484, 12670] 396
[28619, 12670] 934
[30162, 12670] 1036
[32062, 12670] 1050
[30155, 12670] 1038
[30329, 12670] 928
[32202, 12670] 1046
[32746, 12670] 1502
[11087, 11407] 76
[15365, 11407] 102
[13420, 11407] 80
[14140, 11407] 206
[17207, 11407] 302
[15728, 11407] 108
[18089, 11407] 818
[20006, 11407] 752
[18703, 11407] 638
[18458, 11407] 792
[19155, 11407] 742
[19039, 11407] 412
[27386, 11407] 782
[21116, 11407] 770
[24352, 11407] 812
[23742, 11407] 810
[20848, 11407] 442
[23411, 11407] 568
[23994, 11407] 694
[27316, 11407] 858
[27411, 11407] 816
[27395, 11407] 820
[25182, 11407] 774
[25498, 11407] 846
[27376, 11407] 778
[24027, 11407] 718
[26039, 11407] 758
[23295, 11407] 672
[20079, 11407] 466
[21061, 11407] 600
[20745, 11407] 652
[21300, 11407] 630
[18954, 11407] 426
[19484, 11407] 448
[28619, 11407] 986
[30162, 11407] 1088
[32062, 11407] 1102
[30155, 11407] 1090
[30329, 11407] 980
[32202, 11407] 1098
[32746, 11407] 1554
[15365, 11087] 134
[13420, 11087] 112
[14140, 11087] 238
[17207, 11087] 334
[15728, 11087] 140
[18089, 11087] 850
[20006, 11087] 784
[18703, 11087] 670
[18458, 11087] 824
[19155, 11087] 774
[19039, 11087] 444
[27386, 11087] 814
[21116, 11087] 802
[24352, 11087] 844
[23742, 11087] 842
[20848, 11087] 474
[23411, 11087] 600
[23994, 11087] 726
[27316, 11087] 890
[27411, 11087] 848
[27395, 11087] 852
[25182, 11087] 806
[25498, 11087] 878
[27376, 11087] 810
[24027, 11087] 750
[26039, 11087] 790
[23295, 11087] 704
[20079, 11087] 498
[21061, 11087] 632
[20745, 11087] 684
[21300, 11087] 662
[18954, 11087] 458
[19484, 11087] 480
[28619, 11087] 1018
[30162, 11087] 1120
[32062, 11087] 1134
[30155, 11087] 1122
[30329, 11087] 1012
[32202, 11087] 1130
[32746, 11087] 1586
[13420, 15365] 54
[14140, 15365] 144
[17207, 15365] 240
[15728, 15365] 50
[18089, 15365] 756
[20006, 15365] 690
[18703, 15365] 576
[18458, 15365] 730
[19155, 15365] 680
[19039, 15365] 350
[27386, 15365] 720
[21116, 15365] 708
[24352, 15365] 750
[23742, 15365] 748
[20848, 15365] 380
[23411, 15365] 506
[23994, 15365] 632
[27316, 15365] 796
[27411, 15365] 754
[27395, 15365] 758
[25182, 15365] 712
[25498, 15365] 784
[27376, 15365] 716
[24027, 15365] 656
[26039, 15365] 696
[23295, 15365] 610
[20079, 15365] 404
[21061, 15365] 538
[20745, 15365] 590
[21300, 15365] 568
[18954, 15365] 364
[19484, 15365] 386
[28619, 15365] 924
[30162, 15365] 1026
[32062, 15365] 1040
[30155, 15365] 1028
[30329, 15365] 918
[32202, 15365] 1036
[32746, 15365] 1492
[14140, 13420] 154
[17207, 13420] 250
[15728, 13420] 76
[18089, 13420] 766
[20006, 13420] 700
[18703, 13420] 586
[18458, 13420] 740
[19155, 13420] 690
[19039, 13420] 360
[27386, 13420] 730
[21116, 13420] 718
[24352, 13420] 760
[23742, 13420] 758
[20848, 13420] 390
[23411, 13420] 516
[23994, 13420] 642
[27316, 13420] 806
[27411, 13420] 764
[27395, 13420] 768
[25182, 13420] 722
[25498, 13420] 794
[27376, 13420] 726
[24027, 13420] 666
[26039, 13420] 706
[23295, 13420] 620
[20079, 13420] 414
[21061, 13420] 548
[20745, 13420] 600
[21300, 13420] 578
[18954, 13420] 374
[19484, 13420] 396
[28619, 13420] 934
[30162, 13420] 1036
[32062, 13420] 1050
[30155, 13420] 1038
[30329, 13420] 928
[32202, 13420] 1046
[32746, 13420] 1502
[17207, 14140] 108
[15728, 14140] 166
[18089, 14140] 624
[20006, 14140] 558
[18703, 14140] 444
[18458, 14140] 598
[19155, 14140] 548
[19039, 14140] 218
[27386, 14140] 588
[21116, 14140] 576
[24352, 14140] 618
[23742, 14140] 616
[20848, 14140] 248
[23411, 14140] 374
[23994, 14140] 500
[27316, 14140] 664
[27411, 14140] 622
[27395, 14140] 626
[25182, 14140] 580
[25498, 14140] 652
[27376, 14140] 584
[24027, 14140] 524
[26039, 14140] 564
[23295, 14140] 478
[20079, 14140] 272
[21061, 14140] 406
[20745, 14140] 458
[21300, 14140] 436
[18954, 14140] 232
[19484, 14140] 254
[28619, 14140] 792
[30162, 14140] 894
[32062, 14140] 908
[30155, 14140] 896
[30329, 14140] 786
[32202, 14140] 904
[32746, 14140] 1360
[15728, 17207] 262
[18089, 17207] 556
[20006, 17207] 490
[18703, 17207] 376
[18458, 17207] 530
[19155, 17207] 480
[19039, 17207] 138
[27386, 17207] 520
[21116, 17207] 508
[24352, 17207] 550
[23742, 17207] 548
[20848, 17207] 168
[23411, 17207] 294
[23994, 17207] 432
[27316, 17207] 596
[27411, 17207] 554
[27395, 17207] 558
[25182, 17207] 512
[25498, 17207] 584
[27376, 17207] 516
[24027, 17207] 456
[26039, 17207] 496
[23295, 17207] 410
[20079, 17207] 204
[21061, 17207] 338
[20745, 17207] 390
[21300, 17207] 368
[18954, 17207] 160
[19484, 17207] 186
[28619, 17207] 724
[30162, 17207] 826
[32062, 17207] 840
[30155, 17207] 828
[30329, 17207] 718
[32202, 17207] 836
[32746, 17207] 1292
[18089, 15728] 778
[20006, 15728] 712
[18703, 15728] 598
[18458, 15728] 752
[19155, 15728] 702
[19039, 15728] 372
[27386, 15728] 742
[21116, 15728] 730
[24352, 15728] 772
[23742, 15728] 770
[20848, 15728] 402
[23411, 15728] 528
[23994, 15728] 654
[27316, 15728] 818
[27411, 15728] 776
[27395, 15728] 780
[25182, 15728] 734
[25498, 15728] 806
[27376, 15728] 738
[24027, 15728] 678
[26039, 15728] 718
[23295, 15728] 632
[20079, 15728] 426
[21061, 15728] 560
[20745, 15728] 612
[21300, 15728] 590
[18954, 15728] 386
[19484, 15728] 408
[28619, 15728] 946
[30162, 15728] 1048
[32062, 15728] 1062
[30155, 15728] 1050
[30329, 15728] 940
[32202, 15728] 1058
[32746, 15728] 1514
[20006, 18089] 94
[18703, 18089] 240
[18458, 18089] 54
[19155, 18089] 128
[19039, 18089] 542
[27386, 18089] 532
[21116, 18089] 204
[24352, 18089] 238
[23742, 18089] 236
[20848, 18089] 612
[23411, 18089] 798
[23994, 18089] 424
[27316, 18089] 628
[27411, 18089] 586
[27395, 18089] 590
[25182, 18089] 544
[25498, 18089] 616
[27376, 18089] 528
[24027, 18089] 488
[26039, 18089] 508
[23295, 18089] 442
[20079, 18089] 484
[21061, 18089] 338
[20745, 18089] 266
[21300, 18089] 344
[18954, 18089] 520
[19484, 18089] 490
[28619, 18089] 384
[30162, 18089] 842
[32062, 18089] 856
[30155, 18089] 844
[30329, 18089] 734
[32202, 18089] 852
[32746, 18089] 952
[18703, 20006] 174
[18458, 20006] 68
[19155, 20006] 66
[19039, 20006] 476
[27386, 20006] 466
[21116, 20006] 138
[24352, 20006] 172
[23742, 20006] 170
[20848, 20006] 546
[23411, 20006] 732
[23994, 20006] 358
[27316, 20006] 562
[27411, 20006] 520
[27395, 20006] 524
[25182, 20006] 478
[25498, 20006] 550
[27376, 20006] 462
[24027, 20006] 422
[26039, 20006] 442
[23295, 20006] 376
[20079, 20006] 418
[21061, 20006] 272
[20745, 20006] 200
[21300, 20006] 278
[18954, 20006] 454
[19484, 20006] 424
[28619, 20006] 318
[30162, 20006] 776
[32062, 20006] 790
[30155, 20006] 778
[30329, 20006] 668
[32202, 20006] 786
[32746, 20006] 886
[18458, 18703] 214
[19155, 18703] 164
[19039, 18703] 386
[27386, 18703] 376
[21116, 18703] 216
[24352, 18703] 250
[23742, 18703] 248
[20848, 18703] 456
[23411, 18703] 618
[23994, 18703] 268
[27316, 18703] 472
[27411, 18703] 430
[27395, 18703] 434
[25182, 18703] 388
[25498, 18703] 460
[27376, 18703] 372
[24027, 18703] 332
[26039, 18703] 352
[23295, 18703] 286
[20079, 18703] 328
[21061, 18703] 182
[20745, 18703] 110
[21300, 18703] 188
[18954, 18703] 364
[19484, 18703] 334
[28619, 18703] 408
[30162, 18703] 702
[32062, 18703] 716
[30155, 18703] 704
[30329, 18703] 594
[32202, 18703] 712
[32746, 18703] 976
[19155, 18458] 102
[19039, 18458] 516
[27386, 18458] 506
[21116, 18458] 178
[24352, 18458] 212
[23742, 18458] 210
[20848, 18458] 586
[23411, 18458] 772
[23994, 18458] 398
[27316, 18458] 602
[27411, 18458] 560
[27395, 18458] 564
[25182, 18458] 518
[25498, 18458] 590
[27376, 18458] 502
[24027, 18458] 462
[26039, 18458] 482
[23295, 18458] 416
[20079, 18458] 458
[21061, 18458] 312
[20745, 18458] 240
[21300, 18458] 318
[18954, 18458] 494
[19484, 18458] 464
[28619, 18458] 358
[30162, 18458] 816
[32062, 18458] 830
[30155, 18458] 818
[30329, 18458] 708
[32202, 18458] 826
[32746, 18458] 926
[19039, 19155] 466
[27386, 19155] 456
[21116, 19155] 128
[24352, 19155] 162
[23742, 19155] 160
[20848, 19155] 536
[23411, 19155] 722
[23994, 19155] 348
[27316, 19155] 552
[27411, 19155] 510
[27395, 19155] 514
[25182, 19155] 468
[25498, 19155] 540
[27376, 19155] 452
[24027, 19155] 412
[26039, 19155] 432
[23295, 19155] 366
[20079, 19155] 408
[21061, 19155] 262
[20745, 19155] 190
[21300, 19155] 268
[18954, 19155] 444
[19484, 19155] 414
[28619, 19155] 308
[30162, 19155] 766
[32062, 19155] 780
[30155, 19155] 768
[30329, 19155] 658
[32202, 19155] 776
[32746, 19155] 876
[27386, 19039] 402
[21116, 19039] 434
[24352, 19039] 476
[23742, 19039] 474
[20848, 19039] 86
[23411, 19039] 280
[23994, 19039] 314
[27316, 19039] 478
[27411, 19039] 436
[27395, 19039] 440
[25182, 19039] 394
[25498, 19039] 466
[27376, 19039] 398
[24027, 19039] 338
[26039, 19039] 378
[23295, 19039] 292
[20079, 19039] 86
[21061, 19039] 220
[20745, 19039] 312
[21300, 19039] 250
[18954, 19039] 42
[19484, 19039] 68
[28619, 19039] 642
[30162, 19039] 708
[32062, 19039] 722
[30155, 19039] 710
[30329, 19039] 600
[32202, 19039] 718
[32746, 19039] 1222
[21116, 27386] 424
[24352, 27386] 466
[23742, 27386] 464
[20848, 27386] 472
[23411, 27386] 662
[23994, 27386] 244
[27316, 27386] 144
[27411, 27386] 86
[27395, 27386] 90
[25182, 27386] 92
[25498, 27386] 144
[27376, 27386] 20
[24027, 27386] 144
[26039, 27386] 44
[23295, 27386] 182
[20079, 27386] 344
[21061, 27386] 210
[20745, 27386] 302
[21300, 27386] 228
[18954, 27386] 380
[19484, 27386] 350
[28619, 27386] 368
[30162, 27386] 358
[32062, 27386] 372
[30155, 27386] 360
[30329, 27386] 250
[32202, 27386] 368
[32746, 27386] 1212
[24352, 21116] 110
[23742, 21116] 108
[20848, 21116] 504
[23411, 21116] 694
[23994, 21116] 316
[27316, 21116] 520
[27411, 21116] 478
[27395, 21116] 482
[25182, 21116] 436
[25498, 21116] 508
[27376, 21116] 420
[24027, 21116] 380
[26039, 21116] 400
[23295, 21116] 334
[20079, 21116] 376
[21061, 21116] 230
[20745, 21116] 134
[21300, 21116] 236
[18954, 21116] 412
[19484, 21116] 382
[28619, 21116] 284
[30162, 21116] 742
[32062, 21116] 756
[30155, 21116] 744
[30329, 21116] 634
[32202, 21116] 752
[32746, 21116] 852
[23742, 24352] 18
[20848, 24352] 546
[23411, 24352] 736
[23994, 24352] 358
[27316, 24352] 562
[27411, 24352] 520
[27395, 24352] 524
[25182, 24352] 478
[25498, 24352] 550
[27376, 24352] 462
[24027, 24352] 422
[26039, 24352] 442
[23295, 24352] 376
[20079, 24352] 418
[21061, 24352] 272
[20745, 24352] 176
[21300, 24352] 278
[18954, 24352] 454
[19484, 24352] 424
[28619, 24352] 198
[30162, 24352] 656
[32062, 24352] 670
[30155, 24352] 658
[30329, 24352] 548
[32202, 24352] 666
[32746, 24352] 866
[20848, 23742] 544
[23411, 23742] 734
[23994, 23742] 356
[27316, 23742] 560
[27411, 23742] 518
[27395, 23742] 522
[25182, 23742] 476
[25498, 23742] 548
[27376, 23742] 460
[24027, 23742] 420
[26039, 23742] 440
[23295, 23742] 374
[20079, 23742] 416
[21061, 23742] 270
[20745, 23742] 174
[21300, 23742] 276
[18954, 23742] 452
[19484, 23742] 422
[28619, 23742] 200
[30162, 23742] 658
[32062, 23742] 672
[30155, 23742] 660
[30329, 23742] 550
[32202, 23742] 668
[32746, 23742] 868
[23411, 20848] 310
[23994, 20848] 384
[27316, 20848] 548
[27411, 20848] 506
[27395, 20848] 510
[25182, 20848] 464
[25498, 20848] 536
[27376, 20848] 468
[24027, 20848] 408
[26039, 20848] 448
[23295, 20848] 362
[20079, 20848] 156
[21061, 20848] 290
[20745, 20848] 382
[21300, 20848] 320
[18954, 20848] 112
[19484, 20848] 138
[28619, 20848] 712
[30162, 20848] 778
[32062, 20848] 792
[30155, 20848] 780
[30329, 20848] 670
[32202, 20848] 788
[32746, 20848] 1292
[23994, 23411] 574
[27316, 23411] 738
[27411, 23411] 696
[27395, 23411] 700
[25182, 23411] 654
[25498, 23411] 726
[27376, 23411] 658
[24027, 23411] 598
[26039, 23411] 638
[23295, 23411] 552
[20079, 23411] 346
[21061, 23411] 480
[20745, 23411] 572
[21300, 23411] 510
[18954, 23411] 302
[19484, 23411] 328
[28619, 23411] 902
[30162, 23411] 968
[32062, 23411] 982
[30155, 23411] 970
[30329, 23411] 860
[32202, 23411] 978
[32746, 23411] 1482
[27316, 23994] 340
[27411, 23994] 298
[27395, 23994] 302
[25182, 23994] 264
[25498, 23994] 328
[27376, 23994] 240
[24027, 23994] 208
[26039, 23994] 220
[23295, 23994] 162
[20079, 23994] 256
[21061, 23994] 122
[20745, 23994] 194
[21300, 23994] 120
[18954, 23994] 292
[19484, 23994] 262
[28619, 23994] 464
[30162, 23994] 570
[32062, 23994] 584
[30155, 23994] 572
[30329, 23994] 462
[32202, 23994] 580
[32746, 23994] 1104
[27411, 27316] 106
[27395, 27316] 114
[25182, 27316] 116
[25498, 27316] 56
[27376, 27316] 148
[24027, 27316] 180
[26039, 27316] 140
[23295, 27316] 218
[20079, 27316] 420
[21061, 27316] 306
[20745, 27316] 398
[21300, 27316] 324
[18954, 27316] 456
[19484, 27316] 426
[28619, 27316] 480
[30162, 27316] 378
[32062, 27316] 392
[30155, 27316] 380
[30329, 27316] 270
[32202, 27316] 388
[32746, 27316] 1308
[27395, 27411] 36
[25182, 27411] 74
[25498, 27411] 106
[27376, 27411] 90
[24027, 27411] 138
[26039, 27411] 98
[23295, 27411] 176
[20079, 27411] 378
[21061, 27411] 264
[20745, 27411] 356
[21300, 27411] 282
[18954, 27411] 414
[19484, 27411] 384
[28619, 27411] 422
[30162, 27411] 284
[32062, 27411] 298
[30155, 27411] 286
[30329, 27411] 176
[32202, 27411] 294
[32746, 27411] 1266
[25182, 27395] 78
[25498, 27395] 114
[27376, 27395] 94
[24027, 27395] 142
[26039, 27395] 102
[23295, 27395] 180
[20079, 27395] 382
[21061, 27395] 268
[20745, 27395] 360
[21300, 27395] 286
[18954, 27395] 418
[19484, 27395] 388
[28619, 27395] 426
[30162, 27395] 308
[32062, 27395] 322
[30155, 27395] 310
[30329, 27395] 200
[32202, 27395] 318
[32746, 27395] 1270
[25498, 25182] 104
[27376, 25182] 96
[24027, 25182] 96
[26039, 25182] 76
[23295, 25182] 134
[20079, 25182] 336
[21061, 25182] 222
[20745, 25182] 314
[21300, 25182] 240
[18954, 25182] 372
[19484, 25182] 342
[28619, 25182] 428
[30162, 25182] 346
[32062, 25182] 360
[30155, 25182] 348
[30329, 25182] 238
[32202, 25182] 356
[32746, 25182] 1224
[27376, 25498] 148
[24027, 25498] 168
[26039, 25498] 128
[23295, 25498] 206
[20079, 25498] 408
[21061, 25498] 294
[20745, 25498] 386
[21300, 25498] 312
[18954, 25498] 444
[19484, 25498] 414
[28619, 25498] 480
[30162, 25498] 378
[32062, 25498] 392
[30155, 25498] 380
[30329, 25498] 270
[32202, 25498] 388
[32746, 25498] 1296
[24027, 27376] 148
[26039, 27376] 44
[23295, 27376] 186
[20079, 27376] 340
[21061, 27376] 206
[20745, 27376] 298
[21300, 27376] 224
[18954, 27376] 376
[19484, 27376] 346
[28619, 27376] 364
[30162, 27376] 362
[32062, 27376] 376
[30155, 27376] 364
[30329, 27376] 254
[32202, 27376] 372
[32746, 27376] 1208
[26039, 24027] 128
[23295, 24027] 78
[20079, 24027] 280
[21061, 24027] 166
[20745, 24027] 258
[21300, 24027] 184
[18954, 24027] 316
[19484, 24027] 286
[28619, 24027] 480
[30162, 24027] 410
[32062, 24027] 424
[30155, 24027] 412
[30329, 24027] 302
[32202, 24027] 420
[32746, 24027] 1168
[23295, 26039] 166
[20079, 26039] 320
[21061, 26039] 186
[20745, 26039] 278
[21300, 26039] 204
[18954, 26039] 356
[19484, 26039] 326
[28619, 26039] 372
[30162, 26039] 370
[32062, 26039] 384
[30155, 26039] 372
[30329, 26039] 262
[32202, 26039] 380
[32746, 26039] 1188
[20079, 23295] 234
[21061, 23295] 120
[20745, 23295] 212
[21300, 23295] 138
[18954, 23295] 270
[19484, 23295] 240
[28619, 23295] 490
[30162, 23295] 448
[32062, 23295] 462
[30155, 23295] 450
[30329, 23295] 340
[32202, 23295] 458
[32746, 23295] 1122
[21061, 20079] 162
[20745, 20079] 254
[21300, 20079] 192
[18954, 20079] 64
[19484, 20079] 34
[28619, 20079] 584
[30162, 20079] 650
[32062, 20079] 664
[30155, 20079] 652
[30329, 20079] 542
[32202, 20079] 660
[32746, 20079] 1164
[20745, 21061] 108
[21300, 21061] 58
[18954, 21061] 198
[19484, 21061] 168
[28619, 21061] 446
[30162, 21061] 536
[32062, 21061] 550
[30155, 21061] 538
[30329, 21061] 428
[32202, 21061] 546
[32746, 21061] 1018
[21300, 20745] 114
[18954, 20745] 290
[19484, 20745] 260
[28619, 20745] 350
[30162, 20745] 628
[32062, 20745] 642
[30155, 20745] 630
[30329, 20745] 520
[32202, 20745] 638
[32746, 20745] 922
[18954, 21300] 228
[19484, 21300] 198
[28619, 21300] 448
[30162, 21300] 554
[32062, 21300] 568
[30155, 21300] 556
[30329, 21300] 446
[32202, 21300] 564
[32746, 21300] 1024
[19484, 18954] 46
[28619, 18954] 620
[30162, 18954] 686
[32062, 18954] 700
[30155, 18954] 688
[30329, 18954] 578
[32202, 18954] 696
[32746, 18954] 1200
[28619, 19484] 590
[30162, 19484] 656
[32062, 19484] 670
[30155, 19484] 658
[30329, 19484] 548
[32202, 19484] 666
[32746, 19484] 1170
[30162, 28619] 530
[32062, 28619] 544
[30155, 28619] 532
[30329, 28619] 422
[32202, 28619] 540
[32746, 28619] 976
[32062, 30162] 98
[30155, 30162] 14
[30329, 30162] 172
[32202, 30162] 94
[32746, 30162] 1434
[30155, 32062] 100
[30329, 32062] 186
[32202, 32062] 28
[32746, 32062] 1448
[30329, 30155] 174
[32202, 30155] 96
[32746, 30155] 1436
[32202, 30329] 182
[32746, 30329] 1326
[32746, 32202] 1444
