[7823, 8211] 102
[6679, 8211] 130
[4626, 8211] 148
[7671, 8211] 114
[1592, 8211] 408
[1813, 8211] 370
[10688, 8211] 542
[8169, 8211] 454
[10635, 8211] 598
[10417, 8211] 594
[8236, 8211] 416
[6205, 8211] 468
[6686, 8211] 440
[3527, 8211] 416
[8210, 8211] 458
[8643, 8211] 454
[10955, 8211] 764
[11356, 8211] 738
[12593, 8211] 718
[13107, 8211] 714
[11087, 8211] 770
[15365, 8211] 676
[14140, 8211] 544
[17207, 8211] 500
[15728, 8211] 698
[18089, 8211] 620
[19039, 8211] 518
[24352, 8211] 746
[23742, 8211] 744
[20848, 8211] 588
[23411, 8211] 746
[27316, 8211] 936
[27395, 8211] 898
[25182, 8211] 852
[25498, 8211] 924
[24027, 8211] 796
[23295, 8211] 750
[20079, 8211] 544
[18954, 8211] 508
[28619, 8211] 904
[32062, 8211] 1180
[30329, 8211] 1058
[32202, 8211] 1176
[32746, 8211] 1472
[6679, 7823] 52
[4626, 7823] 142
[7671, 7823] 108
[1592, 7823] 322
[1813, 7823] 284
[10688, 7823] 480
[8169, 7823] 392
[10635, 7823] 536
[10417, 7823] 532
[8236, 7823] 354
[6205, 7823] 382
[6686, 7823] 354
[3527, 7823] 330
[8210, 7823] 396
[8643, 7823] 392
[10955, 7823] 702
[11356, 7823] 676
[12593, 7823] 656
[13107, 7823] 652
[11087, 7823] 708
[15365, 7823] 614
[14140, 7823] 482
[17207, 7823] 438
[15728, 7823] 636
[18089, 7823] 578
[19039, 7823] 456
[24352, 7823] 684
[23742, 7823] 682
[20848, 7823] 526
[23411, 7823] 684
[27316, 7823] 874
[27395, 7823] 836
[25182, 7823] 790
[25498, 7823] 862
[24027, 7823] 734
[23295, 7823] 688
[20079, 7823] 482
[18954, 7823] 446
[28619, 7823] 858
[32062, 7823] 1118
[30329, 7823] 996
[32202, 7823] 1114
[32746, 7823] 1426
[4626, 6679] 142
[7671, 6679] 108
[1592, 6679] 338
[1813, 6679] 300
[10688, 6679] 508
[8169, 6679] 420
[10635, 6679] 564
[10417, 6679] 560
[8236, 6679] 382
[6205, 6679] 398
[6686, 6679] 370
[3527, 6679] 346
[8210, 6679] 424
[8643, 6679] 420
[10955, 6679] 730
[11356, 6679] 704
[12593, 6679] 684
[13107, 6679] 680
[11087, 6679] 736
[15365, 6679] 642
[14140, 6679] 510
[17207, 6679] 466
[15728, 6679] 664
[18089, 6679] 606
[19039, 6679] 484
[24352, 6679] 712
[23742, 6679] 710
[20848, 6679] 554
[23411, 6679] 712
[27316, 6679] 902
[27395, 6679] 864
[25182, 6679] 818
[25498, 6679] 890
[24027, 6679] 762
[23295, 6679] 716
[20079, 6679] 510
[18954, 6679] 474
[28619, 6679] 886
[32062, 6679] 1146
[30329, 6679] 1024
[32202, 6679] 1142
[32746, 6679] 1454
[7671, 4626] 106
[1592, 4626] 428
[1813, 4626] 390
[10688, 4626] 586
[8169, 4626] 498
[10635, 4626] 642
[10417, 4626] 638
[8236, 4626] 460
[6205, 4626] 488
[6686, 4626] 460
[3527, 4626] 436
[8210, 4626] 502
[8643, 4626] 498
[10955, 4626] 808
[11356, 4626] 782
[12593, 4626] 762
[13107, 4626] 758
[11087, 4626] 814
[15365, 4626] 720
[14140, 4626] 588
[17207, 4626] 544
[15728, 4626] 742
[18089, 4626] 664
[19039, 4626] 562
[24352, 4626] 790
[23742, 4626] 788
[20848, 4626] 632
[23411, 4626] 790
[27316, 4626] 980
[27395, 4626] 942
[25182, 4626] 896
[25498, 4626] 968
[24027, 4626] 840
[23295, 4626] 794
[20079, 4626] 588
[18954, 4626] 552
[28619, 4626] 948
[32062, 4626] 1224
[30329, 4626] 1102
[32202, 4626] 1220
[32746, 4626] 1516
[1592, 7671] 394
[1813, 7671] 356
[10688, 7671] 552
[8169, 7671] 464
[10635, 7671] 608
[10417, 7671] 604
[8236, 7671] 426
[6205, 7671] 454
[6686, 7671] 426
[3527, 7671] 402
[8210, 7671] 468
[8643, 7671] 464
[10955, 7671] 774
[11356, 7671] 748
[12593, 7671] 728
[13107, 7671] 724
[11087, 7671] 780
[15365, 7671] 686
[14140, 7671] 554
[17207, 7671] 510
[15728, 7671] 708
[18089, 7671] 630
[19039, 7671] 528
[24352, 7671] 756
[23742, 7671] 754
[20848, 7671] 598
[23411, 7671] 756
[27316, 7671] 946
[27395, 7671] 908
[25182, 7671] 862
[25498, 7671] 934
[24027, 7671] 806
[23295, 7671] 760
[20079, 7671] 554
[18954, 7671] 518
[28619, 7671] 914
[32062, 7671] 1190
[30329, 7671] 1068
[32202, 7671] 1186
[32746, 7671] 1482
[1813, 1592] 54
[10688, 1592] 368
[8169, 1592] 256
[10635, 1592] 472
[10417, 1592] 468
[8236, 1592] 278
[6205, 1592] 178
[6686, 1592] 166
[3527, 1592] 92
[8210, 1592] 264
[8643, 1592] 280
[10955, 1592] 730
[11356, 1592] 704
[12593, 1592] 684
[13107, 1592] 680
[11087, 1592] 736
[15365, 1592] 642
[14140, 1592] 510
[17207, 1592] 470
[15728, 1592] 664
[18089, 1592] 874
[19039, 1592] 576
[24352, 1592] 968
[23742, 1592] 966
[20848, 1592] 606
[23411, 1592] 732
[27316, 1592] 1022
[27395, 1592] 984
[25182, 1592] 938
[25498, 1592] 1010
[24027, 1592] 882
[23295, 1592] 836
[20079, 1592] 630
[18954, 1592] 590
[28619, 1592] 1142
[32062, 1592] 1266
[30329, 1592] 1144
[32202, 1592] 1262
[32746, 1592] 1710
[10688, 1813] 370
[8169, 1813] 258
[10635, 1813] 474
[10417, 1813] 470
[8236, 1813] 280
[6205, 1813] 180
[6686, 1813] 152
[3527, 1813] 94
[8210, 1813] 266
[8643, 1813] 282
[10955, 1813] 732
[11356, 1813] 706
[12593, 1813] 686
[13107, 1813] 682
[11087, 1813] 738
[15365, 1813] 644
[14140, 1813] 512
[17207, 1813] 472
[15728, 1813] 666
[18089, 1813] 846
[19039, 1813] 578
[24352, 1813] 952
[23742, 1813] 950
[20848, 1813] 608
[23411, 1813] 734
[27316, 1813] 1024
[27395, 1813] 986
[25182, 1813] 940
[25498, 1813] 1012
[24027, 1813] 884
[23295, 1813] 838
[20079, 1813] 632
[18954, 1813] 592
[28619, 1813] 1126
[32062, 1813] 1268
[30329, 1813] 1146
[32202, 1813] 1264
[32746, 1813] 1694
[8169, 10688] 148
[10635, 10688] 148
[10417, 10688] 144
[8236, 10688] 158
[6205, 10688] 234
[6686, 10688] 242
[3527, 10688] 300
[8210, 10688] 152
[8643, 10688] 128
[10955, 10688] 402
[11356, 10688] 376
[12593, 10688] 356
[13107, 10688] 352
[11087, 10688] 408
[15365, 10688] 314
[14140, 10688] 182
[17207, 10688] 142
[15728, 10688] 336
[18089, 10688] 654
[19039, 10688] 248
[24352, 10688] 648
[23742, 10688] 646
[20848, 10688] 278
[23411, 10688] 404
[27316, 10688] 694
[27395, 10688] 656
[25182, 10688] 610
[25498, 10688] 682
[24027, 10688] 554
[23295, 10688] 508
[20079, 10688] 302
[18954, 10688] 262
[28619, 10688] 822
[32062, 10688] 938
[30329, 10688] 816
[32202, 10688] 934
[32746, 10688] 1390
[10635, 8169] 252
[10417, 8169] 248
[8236, 8169] 70
[6205, 8169] 122
[6686, 8169] 130
[3527, 8169] 188
[8210, 8169] 32
[8643, 8169] 60
[10955, 8169] 510
[11356, 8169] 484
[12593, 8169] 464
[13107, 8169] 460
[11087, 8169] 516
[15365, 8169] 422
[14140, 8169] 290
[17207, 8169] 250
[15728, 8169] 444
[18089, 8169] 666
[19039, 8169] 356
[24352, 8169] 756
[23742, 8169] 754
[20848, 8169] 386
[23411, 8169] 512
[27316, 8169] 802
[27395, 8169] 764
[25182, 8169] 718
[25498, 8169] 790
[24027, 8169] 662
[23295, 8169] 616
[20079, 8169] 410
[18954, 8169] 370
[28619, 8169] 930
[32062, 8169] 1046
[30329, 8169] 924
[32202, 8169] 1042
[32746, 8169] 1498
[10417, 10635] 36
[8236, 10635] 262
[6205, 10635] 338
[6686, 10635] 346
[3527, 10635] 404
[8210, 10635] 256
[8643, 10635] 232
[10955, 10635] 438
[11356, 10635] 412
[12593, 10635] 392
[13107, 10635] 388
[11087, 10635] 444
[15365, 10635] 350
[14140, 10635] 218
[17207, 10635] 178
[15728, 10635] 372
[18089, 10635] 690
[19039, 10635] 284
[24352, 10635] 684
[23742, 10635] 682
[20848, 10635] 314
[23411, 10635] 440
[27316, 10635] 730
[27395, 10635] 692
[25182, 10635] 646
[25498, 10635] 718
[24027, 10635] 590
[23295, 10635] 544
[20079, 10635] 338
[18954, 10635] 298
[28619, 10635] 858
[32062, 10635] 974
[30329, 10635] 852
[32202, 10635] 970
[32746, 10635] 1426
[8236, 10417] 258
[6205, 10417] 334
[6686, 10417] 342
[3527, 10417] 400
[8210, 10417] 252
[8643, 10417] 228
[10955, 10417] 434
[11356, 10417] 408
[12593, 10417] 388
[13107, 10417] 384
[11087, 10417] 440
[15365, 10417] 346
[14140, 10417] 214
[17207, 10417] 174
[15728, 10417] 368
[18089, 10417] 686
[19039, 10417] 280
[24352, 10417] 680
[23742, 10417] 678
[20848, 10417] 310
[23411, 10417] 436
[27316, 10417] 726
[27395, 10417] 688
[25182, 10417] 642
[25498, 10417] 714
[24027, 10417] 586
[23295, 10417] 540
[20079, 10417] 334
[18954, 10417] 294
[28619, 10417] 854
[32062, 10417] 970
[30329, 10417] 848
[32202, 10417] 966
[32746, 10417] 1422
[6205, 8236] 144
[6686, 8236] 152
[3527, 8236] 210
[8210, 8236] 74
[8643, 8236] 70
[10955, 8236] 520
[11356, 8236] 494
[12593, 8236] 474
[13107, 8236] 470
[11087, 8236] 526
[15365, 8236] 432
[14140, 8236] 300
[17207, 8236] 260
[15728, 8236] 454
[18089, 8236] 628
[19039, 8236] 366
[24352, 8236] 722
[23742, 8236] 720
[20848, 8236] 396
[23411, 8236] 522
[27316, 8236] 812
[27395, 8236] 774
[25182, 8236] 728
[25498, 8236] 800
[24027, 8236] 672
[23295, 8236] 626
[20079, 8236] 420
[18954, 8236] 380
[28619, 8236] 896
[32062, 8236] 1056
[30329, 8236] 934
[32202, 8236] 1052
[32746, 8236] 1464
[6686, 6205] 52
[3527, 6205] 110
[8210, 6205] 130
[8643, 6205] 146
[10955, 6205] 596
[11356, 6205] 570
[12593, 6205] 550
[13107, 6205] 546
[11087, 6205] 602
[15365, 6205] 508
[14140, 6205] 376
[17207, 6205] 336
[15728, 6205] 530
[18089, 6205] 740
[19039, 6205] 442
[24352, 6205] 834
[23742, 6205] 832
[20848, 6205] 472
[23411, 6205] 598
[27316, 6205] 888
[27395, 6205] 850
[25182, 6205] 804
[25498, 6205] 876
[24027, 6205] 748
[23295, 6205] 702
[20079, 6205] 496
[18954, 6205] 456
[28619, 6205] 1008
[32062, 6205] 1132
[30329, 6205] 1010
[32202, 6205] 1128
[32746, 6205] 1576
[3527, 6686] 98
[8210, 6686] 138
[8643, 6686] 154
[10955, 6686] 604
[11356, 6686] 578
[12593, 6686] 558
[13107, 6686] 554
[11087, 6686] 610
[15365, 6686] 516
[14140, 6686] 384
[17207, 6686] 344
[15728, 6686] 538
[18089, 6686] 748
[19039, 6686] 450
[24352, 6686] 842
[23742, 6686] 840
[20848, 6686] 480
[23411, 6686] 606
[27316, 6686] 896
[27395, 6686] 858
[25182, 6686] 812
[25498, 6686] 884
[24027, 6686] 756
[23295, 6686] 710
[20079, 6686] 504
[18954, 6686] 464
[28619, 6686] 1016
[32062, 6686] 1140
[30329, 6686] 1018
[32202, 6686] 1136
[32746, 6686] 1584
[8210, 3527] 196
[8643, 3527] 212
[10955, 3527] 662
[11356, 3527] 636
[12593, 3527] 616
[13107, 3527] 612
[11087, 3527] 668
[15365, 3527] 574
[14140, 3527] 442
[17207, 3527] 402
[15728, 3527] 596
[18089, 3527] 806
[19039, 3527] 508
[24352, 3527] 900
[23742, 3527] 898
[20848, 3527] 538
[23411, 3527] 664
[27316, 3527] 954
[27395, 3527] 916
[25182, 3527] 870
[25498, 3527] 942
[24027, 3527] 814
[23295, 3527] 768
[20079, 3527] 562
[18954, 3527] 522
[28619, 3527] 1074
[32062, 3527] 1198
[30329, 3527] 1076
[32202, 3527] 1194
[32746, 3527] 1642
[8643, 8210] 64
[10955, 8210] 514
[11356, 8210] 488
[12593, 8210] 468
[13107, 8210] 464
[11087, 8210] 520
[15365, 8210] 426
[14140, 8210] 294
[17207, 8210] 254
[15728, 8210] 448
[18089, 8210] 670
[19039, 8210] 360
[24352, 8210] 760
[23742, 8210] 758
[20848, 8210] 390
[23411, 8210] 516
[27316, 8210] 806
[27395, 8210] 768
[25182, 8210] 722
[25498, 8210] 794
[24027, 8210] 666
[23295, 8210] 620
[20079, 8210] 414
[18954, 8210] 374
[28619, 8210] 934
[32062, 8210] 1050
[30329, 8210] 928
[32202, 8210] 1046
[32746, 8210] 1502
[10955, 8643] 490
[11356, 8643] 464
[12593, 8643] 444
[13107, 8643] 440
[11087, 8643] 496
[15365, 8643] 402
[14140, 8643] 270
[17207, 8643] 230
[15728, 8643] 424
[18089, 8643] 666
[19039, 8643] 336
[24352, 8643] 736
[23742, 8643] 734
[20848, 8643] 366
[23411, 8643] 492
[27316, 8643] 782
[27395, 8643] 744
[25182, 8643] 698
[25498, 8643] 770
[24027, 8643] 642
[23295, 8643] 596
[20079, 8643] 390
[18954, 8643] 350
[28619, 8643] 910
[32062, 8643] 1026
[30329, 8643] 904
[32202, 8643] 1022
[32746, 8643] 1478
[11356, 10955] 74
[12593, 10955] 118
[13107, 10955] 114
[11087, 10955] 50
[15365, 10955] 128
[14140, 10955] 232
[17207, 10955] 328
[15728, 10955] 134
[18089, 10955] 844
[19039, 10955] 438
[24352, 10955] 838
[23742, 10955] 836
[20848, 10955] 468
[23411, 10955] 594
[27316, 10955] 884
[27395, 10955] 846
[25182, 10955] 800
[25498, 10955] 872
[24027, 10955] 744
[23295, 10955] 698
[20079, 10955] 492
[18954, 10955] 452
[28619, 10955] 1012
[32062, 10955] 1128
[30329, 10955] 1006
[32202, 10955] 1124
[32746, 10955] 1580
[12593, 11356] 88
[13107, 11356] 84
[11087, 11356] 80
[15365, 11356] 102
[14140, 11356] 206
[17207, 11356] 302
[15728, 11356] 104
[18089, 11356] 818
[19039, 11356] 412
[24352, 11356] 812
[23742, 11356] 810
[20848, 11356] 442
[23411, 11356] 568
[27316, 11356] 858
[27395, 11356] 820
[25182, 11356] 774
[25498, 11356] 846
[24027, 11356] 718
[23295, 11356] 672
[20079, 11356] 466
[18954, 11356] 426
[28619, 11356] 986
[32062, 11356] 1102
[30329, 11356] 980
[32202, 11356] 1098
[32746, 11356] 1554
[13107, 12593] 20
[11087, 12593] 124
[15365, 12593] 82
[14140, 12593] 186
[17207, 12593] 282
[15728, 12593] 60
[18089, 12593] 798
[19039, 12593] 392
[24352, 12593] 792
[23742, 12593] 790
[20848, 12593] 422
[23411, 12593] 548
[27316, 12593] 838
[27395, 12593] 800
[25182, 12593] 754
[25498, 12593] 826
[24027, 12593] 698
[23295, 12593] 652
[20079, 12593] 446
[18954, 12593] 406
[28619, 12593] 966
[32062, 12593] 1082
[30329, 12593] 960
[32202, 12593] 1078
[32746, 12593] 1534
[11087, 13107] 120
[15365, 13107] 78
[14140, 13107] 182
[17207, 13107] 278
[15728, 13107] 56
[18089, 13107] 794
[19039, 13107] 388
[24352, 13107] 788
[23742, 13107] 786
[20848, 13107] 418
[23411, 13107] 544
[27316, 13107] 834
[27395, 13107] 796
[25182, 13107] 750
[25498, 13107] 822
[24027, 13107] 694
[23295, 13107] 648
[20079, 13107] 442
[18954, 13107] 402
[28619, 13107] 962
[32062, 13107] 1078
[30329, 13107] 956
[32202, 13107] 1074
[32746, 13107] 1530
[15365, 11087] 134
[14140, 11087] 238
[17207, 11087] 334
[15728, 11087] 140
[18089, 11087] 850
[19039, 11087] 444
[24352, 11087] 844
[23742, 11087] 842
[20848, 11087] 474
[23411, 11087] 600
[27316, 11087] 890
[27395, 11087] 852
[25182, 11087] 806
[25498, 11087] 878
[24027, 11087] 750
[23295, 11087] 704
[20079, 11087] 498
[18954, 11087] 458
[28619, 11087] 1018
[32062, 11087] 1134
[30329, 11087] 1012
[32202, 11087] 1130
[32746, 11087] 1586
[14140, 15365] 144
[17207, 15365] 240
[15728, 15365] 50
[18089, 15365] 756
[19039, 15365] 350
[24352, 15365] 750
[23742, 15365] 748
[20848, 15365] 380
[23411, 15365] 506
[27316, 15365] 796
[27395, 15365] 758
[25182, 15365] 712
[25498, 15365] 784
[24027, 15365] 656
[23295, 15365] 610
[20079, 15365] 404
[18954, 15365] 364
[28619, 15365] 924
[32062, 15365] 1040
[30329, 15365] 918
[32202, 15365] 1036
[32746, 15365] 1492
[17207, 14140] 108
[15728, 14140] 166
[18089, 14140] 624
[19039, 14140] 218
[24352, 14140] 618
[23742, 14140] 616
[20848, 14140] 248
[23411, 14140] 374
[27316, 14140] 664
[27395, 14140] 626
[25182, 14140] 580
[25498, 14140] 652
[24027, 14140] 524
[23295, 14140] 478
[20079, 14140] 272
[18954, 14140] 232
[28619, 14140] 792
[32062, 14140] 908
[30329, 14140] 786
[32202, 14140] 904
[32746, 14140] 1360
[15728, 17207] 262
[18089, 17207] 556
[19039, 17207] 138
[24352, 17207] 550
[23742, 17207] 548
[20848, 17207] 168
[23411, 17207] 294
[27316, 17207] 596
[27395, 17207] 558
[25182, 17207] 512
[25498, 17207] 584
[24027, 17207] 456
[23295, 17207] 410
[20079, 17207] 204
[18954, 17207] 160
[28619, 17207] 724
[32062, 17207] 840
[30329, 17207] 718
[32202, 17207] 836
[32746, 17207] 1292
[18089, 15728] 778
[19039, 15728] 372
[24352, 15728] 772
[23742, 15728] 770
[20848, 15728] 402
[23411, 15728] 528
[27316, 15728] 818
[27395, 15728] 780
[25182, 15728] 734
[25498, 15728] 806
[24027, 15728] 678
[23295, 15728] 632
[20079, 15728] 426
[18954, 15728] 386
[28619, 15728] 946
[32062, 15728] 1062
[30329, 15728] 940
[32202, 15728] 1058
[32746, 15728] 1514
[19039, 18089] 542
[24352, 18089] 238
[23742, 18089] 236
[20848, 18089] 612
[23411, 18089] 798
[27316, 18089] 628
[27395, 18089] 590
[25182, 18089] 544
[25498, 18089] 616
[24027, 18089] 488
[23295, 18089] 442
[20079, 18089] 484
[18954, 18089] 520
[28619, 18089] 384
[32062, 18089] 856
[30329, 18089] 734
[32202, 18089] 852
[32746, 18089] 952
[24352, 19039] 476
[23742, 19039] 474
[20848, 19039] 86
[23411, 19039] 280
[27316, 19039] 478
[27395, 19039] 440
[25182, 19039] 394
[25498, 19039] 466
[24027, 19039] 338
[23295, 19039] 292
[20079, 19039] 86
[18954, 19039] 42
[28619, 19039] 642
[32062, 19039] 722
[30329, 19039] 600
[32202, 19039] 718
[32746, 19039] 1222
[23742, 24352] 18
[20848, 24352] 546
[23411, 24352] 736
[27316, 24352] 562
[27395, 24352] 524
[25182, 24352] 478
[25498, 24352] 550
[24027, 24352] 422
[23295, 24352] 376
[20079, 24352] 418
[18954, 24352] 454
[28619, 24352] 198
[32062, 24352] 670
[30329, 24352] 548
[32202, 24352] 666
[32746, 24352] 866
[20848, 23742] 544
[23411, 23742] 734
[27316, 23742] 560
[27395, 23742] 522
[25182, 23742] 476
[25498, 23742] 548
[24027, 23742] 420
[23295, 23742] 374
[20079, 23742] 416
[18954, 23742] 452
[28619, 23742] 200
[32062, 23742] 672
[30329, 23742] 550
[32202, 23742] 668
[32746, 23742] 868
[23411, 20848] 310
[27316, 20848] 548
[27395, 20848] 510
[25182, 20848] 464
[25498, 20848] 536
[24027, 20848] 408
[23295, 20848] 362
[20079, 20848] 156
[18954, 20848] 112
[28619, 20848] 712
[32062, 20848] 792
[30329, 20848] 670
[32202, 20848] 788
[32746, 20848] 1292
[27316, 23411] 738
[27395, 23411] 700
[25182, 23411] 654
[25498, 23411] 726
[24027, 23411] 598
[23295, 23411] 552
[20079, 23411] 346
[18954, 23411] 302
[28619, 23411] 902
[32062, 23411] 982
[30329, 23411] 860
[32202, 23411] 978
[32746, 23411] 1482
[27395, 27316] 114
[25182, 27316] 116
[25498, 27316] 56
[24027, 27316] 180
[23295, 27316] 218
[20079, 27316] 420
[18954, 27316] 456
[28619, 27316] 480
[32062, 27316] 392
[30329, 27316] 270
[32202, 27316] 388
[32746, 27316] 1308
[25182, 27395] 78
[25498, 27395] 114
[24027, 27395] 142
[23295, 27395] 180
[20079, 27395] 382
[18954, 27395] 418
[28619, 27395] 426
[32062, 27395] 322
[30329, 27395] 200
[32202, 27395] 318
[32746, 27395] 1270
[25498, 25182] 104
[24027, 25182] 96
[23295, 25182] 134
[20079, 25182] 336
[18954, 25182] 372
[28619, 25182] 428
[32062, 25182] 360
[30329, 25182] 238
[32202, 25182] 356
[32746, 25182] 1224
[24027, 25498] 168
[23295, 25498] 206
[20079, 25498] 408
[18954, 25498] 444
[28619, 25498] 480
[32062, 25498] 392
[30329, 25498] 270
[32202, 25498] 388
[32746, 25498] 1296
[23295, 24027] 78
[20079, 24027] 280
[18954, 24027] 316
[28619, 24027] 480
[32062, 24027] 424
[30329, 24027] 302
[32202, 24027] 420
[32746, 24027] 1168
[20079, 23295] 234
[18954, 23295] 270
[28619, 23295] 490
[32062, 23295] 462
[30329, 23295] 340
[32202, 23295] 458
[32746, 23295] 1122
[18954, 20079] 64
[28619, 20079] 584
[32062, 20079] 664
[30329, 20079] 542
[32202, 20079] 660
[32746, 20079] 1164
[28619, 18954] 620
[32062, 18954] 700
[30329, 18954] 578
[32202, 18954] 696
[32746, 18954] 1200
[32062, 28619] 544
[30329, 28619] 422
[32202, 28619] 540
[32746, 28619] 976
[30329, 32062] 186
[32202, 32062] 28
[32746, 32062] 1448
[32202, 30329] 182
[32746, 30329] 1326
[32746, 32202] 1444
