8211
7823
6679
4626
7671
1592
1813
10688
10129
10367
8169
10635
10417
8236
6205
6686
3527
8210
16230
8643
10955
11356
12593
13107
14605
16008
12670
11407
11087
15365
13420
14140
17207
15728
13470
18089
17812
20006
18703
18458
19155
19039
20436
27386
21116
24352
23742
20848
23411
23994
27316
27411
27395
25182
25498
27364
27376
28009
28236
24027
25118
26039
28002
28229
22136
23295
24131
20079
21061
20745
20627
21300
20231
18954
19484
20156
21241
28378
28619
32792
33414
30162
28748
32062
30155
30329
30892
32020
31998
32202
25351
26326
27443
32562
32746
