8211
7823
6679
4626
7671
1592
1813
10688
8169
10635
10417
8236
6205
6686
3527
8210
16230
8643
10955
11356
12593
13107
16008
12670
11407
11087
15365
13420
14140
17207
15728
18089
17812
20006
18703
18458
19155
19039
20436
27386
21116
24352
23742
20848
23411
23994
27316
27411
27395
25182
25498
27376
24027
26039
23295
24131
20079
21061
20745
20627
21300
18954
19484
20156
28378
28619
30162
32062
30155
30329
32020
31998
32202
32746
