[7823, 8211] 102
[6679, 8211] 130
[4626, 8211] 148
[7671, 8211] 114
[1592, 8211] 408
[1813, 8211] 370
[10688, 8211] 542
[8169, 8211] 454
[10635, 8211] 598
[10417, 8211] 594
[8236, 8211] 416
[6205, 8211] 468
[6686, 8211] 440
[3527, 8211] 416
[8210, 8211] 458
[16230, 8211] 492
[8643, 8211] 454
[10955, 8211] 764
[11356, 8211] 738
[12593, 8211] 718
[13107, 8211] 714
[16008, 8211] 678
[12670, 8211] 686
[11407, 8211] 738
[11087, 8211] 770
[15365, 8211] 676
[13420, 8211] 686
[14140, 8211] 544
[17207, 8211] 500
[15728, 8211] 698
[18089, 8211] 620
[17812, 8211] 552
[20006, 8211] 662
[18703, 8211] 548
[18458, 8211] 622
[19155, 8211] 660
[19039, 8211] 518
[20436, 8211] 588
[27386, 8211] 852
[21116, 8211] 704
[24352, 8211] 746
[23742, 8211] 744
[20848, 8211] 588
[23411, 8211] 746
[23994, 8211] 744
[27316, 8211] 936
[27411, 8211] 894
[27395, 8211] 898
[25182, 8211] 852
[25498, 8211] 924
[27376, 8211] 848
[24027, 8211] 796
[26039, 8211] 828
[23295, 8211] 750
[24131, 8211] 718
[20079, 8211] 544
[21061, 8211] 658
[20745, 8211] 586
[20627, 8211] 596
[21300, 8211] 664
[18954, 8211] 508
[19484, 8211] 526
[20156, 8211] 592
[28378, 8211] 956
[28619, 8211] 904
[30162, 8211] 1166
[32062, 8211] 1180
[30155, 8211] 1168
[30329, 8211] 1058
[32020, 8211] 1080
[31998, 8211] 1032
[32202, 8211] 1176
[32746, 8211] 1472
[6679, 7823] 52
[4626, 7823] 142
[7671, 7823] 108
[1592, 7823] 322
[1813, 7823] 284
[10688, 7823] 480
[8169, 7823] 392
[10635, 7823] 536
[10417, 7823] 532
[8236, 7823] 354
[6205, 7823] 382
[6686, 7823] 354
[3527, 7823] 330
[8210, 7823] 396
[16230, 7823] 430
[8643, 7823] 392
[10955, 7823] 702
[11356, 7823] 676
[12593, 7823] 656
[13107, 7823] 652
[16008, 7823] 616
[12670, 7823] 624
[11407, 7823] 676
[11087, 7823] 708
[15365, 7823] 614
[13420, 7823] 624
[14140, 7823] 482
[17207, 7823] 438
[15728, 7823] 636
[18089, 7823] 578
[17812, 7823] 490
[20006, 7823] 620
[18703, 7823] 506
[18458, 7823] 580
[19155, 7823] 614
[19039, 7823] 456
[20436, 7823] 526
[27386, 7823] 790
[21116, 7823] 642
[24352, 7823] 684
[23742, 7823] 682
[20848, 7823] 526
[23411, 7823] 684
[23994, 7823] 682
[27316, 7823] 874
[27411, 7823] 832
[27395, 7823] 836
[25182, 7823] 790
[25498, 7823] 862
[27376, 7823] 786
[24027, 7823] 734
[26039, 7823] 766
[23295, 7823] 688
[24131, 7823] 656
[20079, 7823] 482
[21061, 7823] 596
[20745, 7823] 524
[20627, 7823] 534
[21300, 7823] 602
[18954, 7823] 446
[19484, 7823] 464
[20156, 7823] 530
[28378, 7823] 894
[28619, 7823] 858
[30162, 7823] 1104
[32062, 7823] 1118
[30155, 7823] 1106
[30329, 7823] 996
[32020, 7823] 1018
[31998, 7823] 970
[32202, 7823] 1114
[32746, 7823] 1426
[4626, 6679] 142
[7671, 6679] 108
[1592, 6679] 338
[1813, 6679] 300
[10688, 6679] 508
[8169, 6679] 420
[10635, 6679] 564
[10417, 6679] 560
[8236, 6679] 382
[6205, 6679] 398
[6686, 6679] 370
[3527, 6679] 346
[8210, 6679] 424
[16230, 6679] 458
[8643, 6679] 420
[10955, 6679] 730
[11356, 6679] 704
[12593, 6679] 684
[13107, 6679] 680
[16008, 6679] 644
[12670, 6679] 652
[11407, 6679] 704
[11087, 6679] 736
[15365, 6679] 642
[13420, 6679] 652
[14140, 6679] 510
[17207, 6679] 466
[15728, 6679] 664
[18089, 6679] 606
[17812, 6679] 518
[20006, 6679] 648
[18703, 6679] 534
[18458, 6679] 608
[19155, 6679] 642
[19039, 6679] 484
[20436, 6679] 554
[27386, 6679] 818
[21116, 6679] 670
[24352, 6679] 712
[23742, 6679] 710
[20848, 6679] 554
[23411, 6679] 712
[23994, 6679] 710
[27316, 6679] 902
[27411, 6679] 860
[27395, 6679] 864
[25182, 6679] 818
[25498, 6679] 890
[27376, 6679] 814
[24027, 6679] 762
[26039, 6679] 794
[23295, 6679] 716
[24131, 6679] 684
[20079, 6679] 510
[21061, 6679] 624
[20745, 6679] 552
[20627, 6679] 562
[21300, 6679] 630
[18954, 6679] 474
[19484, 6679] 492
[20156, 6679] 558
[28378, 6679] 922
[28619, 6679] 886
[30162, 6679] 1132
[32062, 6679] 1146
[30155, 6679] 1134
[30329, 6679] 1024
[32020, 6679] 1046
[31998, 6679] 998
[32202, 6679] 1142
[32746, 6679] 1454
[7671, 4626] 106
[1592, 4626] 428
[1813, 4626] 390
[10688, 4626] 586
[8169, 4626] 498
[10635, 4626] 642
[10417, 4626] 638
[8236, 4626] 460
[6205, 4626] 488
[6686, 4626] 460
[3527, 4626] 436
[8210, 4626] 502
[16230, 4626] 536
[8643, 4626] 498
[10955, 4626] 808
[11356, 4626] 782
[12593, 4626] 762
[13107, 4626] 758
[16008, 4626] 722
[12670, 4626] 730
[11407, 4626] 782
[11087, 4626] 814
[15365, 4626] 720
[13420, 4626] 730
[14140, 4626] 588
[17207, 4626] 544
[15728, 4626] 742
[18089, 4626] 664
[17812, 4626] 596
[20006, 4626] 706
[18703, 4626] 592
[18458, 4626] 666
[19155, 4626] 704
[19039, 4626] 562
[20436, 4626] 632
[27386, 4626] 896
[21116, 4626] 748
[24352, 4626] 790
[23742, 4626] 788
[20848, 4626] 632
[23411, 4626] 790
[23994, 4626] 788
[27316, 4626] 980
[27411, 4626] 938
[27395, 4626] 942
[25182, 4626] 896
[25498, 4626] 968
[27376, 4626] 892
[24027, 4626] 840
[26039, 4626] 872
[23295, 4626] 794
[24131, 4626] 762
[20079, 4626] 588
[21061, 4626] 702
[20745, 4626] 630
[20627, 4626] 640
[21300, 4626] 708
[18954, 4626] 552
[19484, 4626] 570
[20156, 4626] 636
[28378, 4626] 1000
[28619, 4626] 948
[30162, 4626] 1210
[32062, 4626] 1224
[30155, 4626] 1212
[30329, 4626] 1102
[32020, 4626] 1124
[31998, 4626] 1076
[32202, 4626] 1220
[32746, 4626] 1516
[1592, 7671] 394
[1813, 7671] 356
[10688, 7671] 552
[8169, 7671] 464
[10635, 7671] 608
[10417, 7671] 604
[8236, 7671] 426
[6205, 7671] 454
[6686, 7671] 426
[3527, 7671] 402
[8210, 7671] 468
[16230, 7671] 502
[8643, 7671] 464
[10955, 7671] 774
[11356, 7671] 748
[12593, 7671] 728
[13107, 7671] 724
[16008, 7671] 688
[12670, 7671] 696
[11407, 7671] 748
[11087, 7671] 780
[15365, 7671] 686
[13420, 7671] 696
[14140, 7671] 554
[17207, 7671] 510
[15728, 7671] 708
[18089, 7671] 630
[17812, 7671] 562
[20006, 7671] 672
[18703, 7671] 558
[18458, 7671] 632
[19155, 7671] 670
[19039, 7671] 528
[20436, 7671] 598
[27386, 7671] 862
[21116, 7671] 714
[24352, 7671] 756
[23742, 7671] 754
[20848, 7671] 598
[23411, 7671] 756
[23994, 7671] 754
[27316, 7671] 946
[27411, 7671] 904
[27395, 7671] 908
[25182, 7671] 862
[25498, 7671] 934
[27376, 7671] 858
[24027, 7671] 806
[26039, 7671] 838
[23295, 7671] 760
[24131, 7671] 728
[20079, 7671] 554
[21061, 7671] 668
[20745, 7671] 596
[20627, 7671] 606
[21300, 7671] 674
[18954, 7671] 518
[19484, 7671] 536
[20156, 7671] 602
[28378, 7671] 966
[28619, 7671] 914
[30162, 7671] 1176
[32062, 7671] 1190
[30155, 7671] 1178
[30329, 7671] 1068
[32020, 7671] 1090
[31998, 7671] 1042
[32202, 7671] 1186
[32746, 7671] 1482
[1813, 1592] 54
[10688, 1592] 368
[8169, 1592] 256
[10635, 1592] 472
[10417, 1592] 468
[8236, 1592] 278
[6205, 1592] 178
[6686, 1592] 166
[3527, 1592] 92
[8210, 1592] 264
[16230, 1592] 462
[8643, 1592] 280
[10955, 1592] 730
[11356, 1592] 704
[12593, 1592] 684
[13107, 1592] 680
[16008, 1592] 644
[12670, 1592] 652
[11407, 1592] 704
[11087, 1592] 736
[15365, 1592] 642
[13420, 1592] 652
[14140, 1592] 510
[17207, 1592] 470
[15728, 1592] 664
[18089, 1592] 874
[17812, 1592] 774
[20006, 1592] 908
[18703, 1592] 794
[18458, 1592] 876
[19155, 1592] 898
[19039, 1592] 576
[20436, 1592] 810
[27386, 1592] 946
[21116, 1592] 926
[24352, 1592] 968
[23742, 1592] 966
[20848, 1592] 606
[23411, 1592] 732
[23994, 1592] 858
[27316, 1592] 1022
[27411, 1592] 980
[27395, 1592] 984
[25182, 1592] 938
[25498, 1592] 1010
[27376, 1592] 942
[24027, 1592] 882
[26039, 1592] 922
[23295, 1592] 836
[24131, 1592] 832
[20079, 1592] 630
[21061, 1592] 764
[20745, 1592] 808
[20627, 1592] 818
[21300, 1592] 794
[18954, 1592] 590
[19484, 1592] 612
[20156, 1592] 678
[28378, 1592] 1042
[28619, 1592] 1142
[30162, 1592] 1252
[32062, 1592] 1266
[30155, 1592] 1254
[30329, 1592] 1144
[32020, 1592] 1166
[31998, 1592] 1118
[32202, 1592] 1262
[32746, 1592] 1710
[10688, 1813] 370
[8169, 1813] 258
[10635, 1813] 474
[10417, 1813] 470
[8236, 1813] 280
[6205, 1813] 180
[6686, 1813] 152
[3527, 1813] 94
[8210, 1813] 266
[16230, 1813] 464
[8643, 1813] 282
[10955, 1813] 732
[11356, 1813] 706
[12593, 1813] 686
[13107, 1813] 682
[16008, 1813] 646
[12670, 1813] 654
[11407, 1813] 706
[11087, 1813] 738
[15365, 1813] 644
[13420, 1813] 654
[14140, 1813] 512
[17207, 1813] 472
[15728, 1813] 666
[18089, 1813] 846
[17812, 1813] 758
[20006, 1813] 888
[18703, 1813] 774
[18458, 1813] 848
[19155, 1813] 882
[19039, 1813] 578
[20436, 1813] 794
[27386, 1813] 948
[21116, 1813] 910
[24352, 1813] 952
[23742, 1813] 950
[20848, 1813] 608
[23411, 1813] 734
[23994, 1813] 860
[27316, 1813] 1024
[27411, 1813] 982
[27395, 1813] 986
[25182, 1813] 940
[25498, 1813] 1012
[27376, 1813] 944
[24027, 1813] 884
[26039, 1813] 924
[23295, 1813] 838
[24131, 1813] 834
[20079, 1813] 632
[21061, 1813] 766
[20745, 1813] 792
[20627, 1813] 802
[21300, 1813] 796
[18954, 1813] 592
[19484, 1813] 614
[20156, 1813] 680
[28378, 1813] 1044
[28619, 1813] 1126
[30162, 1813] 1254
[32062, 1813] 1268
[30155, 1813] 1256
[30329, 1813] 1146
[32020, 1813] 1168
[31998, 1813] 1120
[32202, 1813] 1264
[32746, 1813] 1694
[8169, 10688] 148
[10635, 10688] 148
[10417, 10688] 144
[8236, 10688] 158
[6205, 10688] 234
[6686, 10688] 242
[3527, 10688] 300
[8210, 10688] 152
[16230, 10688] 134
[8643, 10688] 128
[10955, 10688] 402
[11356, 10688] 376
[12593, 10688] 356
[13107, 10688] 352
[16008, 10688] 316
[12670, 10688] 324
[11407, 10688] 376
[11087, 10688] 408
[15365, 10688] 314
[13420, 10688] 324
[14140, 10688] 182
[17207, 10688] 142
[15728, 10688] 336
[18089, 10688] 654
[17812, 10688] 454
[20006, 10688] 588
[18703, 10688] 474
[18458, 10688] 628
[19155, 10688] 578
[19039, 10688] 248
[20436, 10688] 490
[27386, 10688] 618
[21116, 10688] 606
[24352, 10688] 648
[23742, 10688] 646
[20848, 10688] 278
[23411, 10688] 404
[23994, 10688] 530
[27316, 10688] 694
[27411, 10688] 652
[27395, 10688] 656
[25182, 10688] 610
[25498, 10688] 682
[27376, 10688] 614
[24027, 10688] 554
[26039, 10688] 594
[23295, 10688] 508
[24131, 10688] 504
[20079, 10688] 302
[21061, 10688] 436
[20745, 10688] 488
[20627, 10688] 498
[21300, 10688] 466
[18954, 10688] 262
[19484, 10688] 284
[20156, 10688] 350
[28378, 10688] 714
[28619, 10688] 822
[30162, 10688] 924
[32062, 10688] 938
[30155, 10688] 926
[30329, 10688] 816
[32020, 10688] 838
[31998, 10688] 790
[32202, 10688] 934
[32746, 10688] 1390
[10635, 8169] 252
[10417, 8169] 248
[8236, 8169] 70
[6205, 8169] 122
[6686, 8169] 130
[3527, 8169] 188
[8210, 8169] 32
[16230, 8169] 242
[8643, 8169] 60
[10955, 8169] 510
[11356, 8169] 484
[12593, 8169] 464
[13107, 8169] 460
[16008, 8169] 424
[12670, 8169] 432
[11407, 8169] 484
[11087, 8169] 516
[15365, 8169] 422
[13420, 8169] 432
[14140, 8169] 290
[17207, 8169] 250
[15728, 8169] 444
[18089, 8169] 666
[17812, 8169] 562
[20006, 8169] 696
[18703, 8169] 582
[18458, 8169] 668
[19155, 8169] 686
[19039, 8169] 356
[20436, 8169] 598
[27386, 8169] 726
[21116, 8169] 714
[24352, 8169] 756
[23742, 8169] 754
[20848, 8169] 386
[23411, 8169] 512
[23994, 8169] 638
[27316, 8169] 802
[27411, 8169] 760
[27395, 8169] 764
[25182, 8169] 718
[25498, 8169] 790
[27376, 8169] 722
[24027, 8169] 662
[26039, 8169] 702
[23295, 8169] 616
[24131, 8169] 612
[20079, 8169] 410
[21061, 8169] 544
[20745, 8169] 596
[20627, 8169] 606
[21300, 8169] 574
[18954, 8169] 370
[19484, 8169] 392
[20156, 8169] 458
[28378, 8169] 822
[28619, 8169] 930
[30162, 8169] 1032
[32062, 8169] 1046
[30155, 8169] 1034
[30329, 8169] 924
[32020, 8169] 946
[31998, 8169] 898
[32202, 8169] 1042
[32746, 8169] 1498
[10417, 10635] 36
[8236, 10635] 262
[6205, 10635] 338
[6686, 10635] 346
[3527, 10635] 404
[8210, 10635] 256
[16230, 10635] 170
[8643, 10635] 232
[10955, 10635] 438
[11356, 10635] 412
[12593, 10635] 392
[13107, 10635] 388
[16008, 10635] 352
[12670, 10635] 360
[11407, 10635] 412
[11087, 10635] 444
[15365, 10635] 350
[13420, 10635] 360
[14140, 10635] 218
[17207, 10635] 178
[15728, 10635] 372
[18089, 10635] 690
[17812, 10635] 490
[20006, 10635] 624
[18703, 10635] 510
[18458, 10635] 664
[19155, 10635] 614
[19039, 10635] 284
[20436, 10635] 526
[27386, 10635] 654
[21116, 10635] 642
[24352, 10635] 684
[23742, 10635] 682
[20848, 10635] 314
[23411, 10635] 440
[23994, 10635] 566
[27316, 10635] 730
[27411, 10635] 688
[27395, 10635] 692
[25182, 10635] 646
[25498, 10635] 718
[27376, 10635] 650
[24027, 10635] 590
[26039, 10635] 630
[23295, 10635] 544
[24131, 10635] 540
[20079, 10635] 338
[21061, 10635] 472
[20745, 10635] 524
[20627, 10635] 534
[21300, 10635] 502
[18954, 10635] 298
[19484, 10635] 320
[20156, 10635] 386
[28378, 10635] 750
[28619, 10635] 858
[30162, 10635] 960
[32062, 10635] 974
[30155, 10635] 962
[30329, 10635] 852
[32020, 10635] 874
[31998, 10635] 826
[32202, 10635] 970
[32746, 10635] 1426
[8236, 10417] 258
[6205, 10417] 334
[6686, 10417] 342
[3527, 10417] 400
[8210, 10417] 252
[16230, 10417] 166
[8643, 10417] 228
[10955, 10417] 434
[11356, 10417] 408
[12593, 10417] 388
[13107, 10417] 384
[16008, 10417] 348
[12670, 10417] 356
[11407, 10417] 408
[11087, 10417] 440
[15365, 10417] 346
[13420, 10417] 356
[14140, 10417] 214
[17207, 10417] 174
[15728, 10417] 368
[18089, 10417] 686
[17812, 10417] 486
[20006, 10417] 620
[18703, 10417] 506
[18458, 10417] 660
[19155, 10417] 610
[19039, 10417] 280
[20436, 10417] 522
[27386, 10417] 650
[21116, 10417] 638
[24352, 10417] 680
[23742, 10417] 678
[20848, 10417] 310
[23411, 10417] 436
[23994, 10417] 562
[27316, 10417] 726
[27411, 10417] 684
[27395, 10417] 688
[25182, 10417] 642
[25498, 10417] 714
[27376, 10417] 646
[24027, 10417] 586
[26039, 10417] 626
[23295, 10417] 540
[24131, 10417] 536
[20079, 10417] 334
[21061, 10417] 468
[20745, 10417] 520
[20627, 10417] 530
[21300, 10417] 498
[18954, 10417] 294
[19484, 10417] 316
[20156, 10417] 382
[28378, 10417] 746
[28619, 10417] 854
[30162, 10417] 956
[32062, 10417] 970
[30155, 10417] 958
[30329, 10417] 848
[32020, 10417] 870
[31998, 10417] 822
[32202, 10417] 966
[32746, 10417] 1422
[6205, 8236] 144
[6686, 8236] 152
[3527, 8236] 210
[8210, 8236] 74
[16230, 8236] 252
[8643, 8236] 70
[10955, 8236] 520
[11356, 8236] 494
[12593, 8236] 474
[13107, 8236] 470
[16008, 8236] 434
[12670, 8236] 442
[11407, 8236] 494
[11087, 8236] 526
[15365, 8236] 432
[13420, 8236] 442
[14140, 8236] 300
[17207, 8236] 260
[15728, 8236] 454
[18089, 8236] 628
[17812, 8236] 528
[20006, 8236] 662
[18703, 8236] 548
[18458, 8236] 630
[19155, 8236] 652
[19039, 8236] 366
[20436, 8236] 564
[27386, 8236] 736
[21116, 8236] 680
[24352, 8236] 722
[23742, 8236] 720
[20848, 8236] 396
[23411, 8236] 522
[23994, 8236] 648
[27316, 8236] 812
[27411, 8236] 770
[27395, 8236] 774
[25182, 8236] 728
[25498, 8236] 800
[27376, 8236] 732
[24027, 8236] 672
[26039, 8236] 712
[23295, 8236] 626
[24131, 8236] 622
[20079, 8236] 420
[21061, 8236] 554
[20745, 8236] 562
[20627, 8236] 572
[21300, 8236] 584
[18954, 8236] 380
[19484, 8236] 402
[20156, 8236] 468
[28378, 8236] 832
[28619, 8236] 896
[30162, 8236] 1042
[32062, 8236] 1056
[30155, 8236] 1044
[30329, 8236] 934
[32020, 8236] 956
[31998, 8236] 908
[32202, 8236] 1052
[32746, 8236] 1464
[6686, 6205] 52
[3527, 6205] 110
[8210, 6205] 130
[16230, 6205] 328
[8643, 6205] 146
[10955, 6205] 596
[11356, 6205] 570
[12593, 6205] 550
[13107, 6205] 546
[16008, 6205] 510
[12670, 6205] 518
[11407, 6205] 570
[11087, 6205] 602
[15365, 6205] 508
[13420, 6205] 518
[14140, 6205] 376
[17207, 6205] 336
[15728, 6205] 530
[18089, 6205] 740
[17812, 6205] 640
[20006, 6205] 774
[18703, 6205] 660
[18458, 6205] 742
[19155, 6205] 764
[19039, 6205] 442
[20436, 6205] 676
[27386, 6205] 812
[21116, 6205] 792
[24352, 6205] 834
[23742, 6205] 832
[20848, 6205] 472
[23411, 6205] 598
[23994, 6205] 724
[27316, 6205] 888
[27411, 6205] 846
[27395, 6205] 850
[25182, 6205] 804
[25498, 6205] 876
[27376, 6205] 808
[24027, 6205] 748
[26039, 6205] 788
[23295, 6205] 702
[24131, 6205] 698
[20079, 6205] 496
[21061, 6205] 630
[20745, 6205] 674
[20627, 6205] 684
[21300, 6205] 660
[18954, 6205] 456
[19484, 6205] 478
[20156, 6205] 544
[28378, 6205] 908
[28619, 6205] 1008
[30162, 6205] 1118
[32062, 6205] 1132
[30155, 6205] 1120
[30329, 6205] 1010
[32020, 6205] 1032
[31998, 6205] 984
[32202, 6205] 1128
[32746, 6205] 1576
[3527, 6686] 98
[8210, 6686] 138
[16230, 6686] 336
[8643, 6686] 154
[10955, 6686] 604
[11356, 6686] 578
[12593, 6686] 558
[13107, 6686] 554
[16008, 6686] 518
[12670, 6686] 526
[11407, 6686] 578
[11087, 6686] 610
[15365, 6686] 516
[13420, 6686] 526
[14140, 6686] 384
[17207, 6686] 344
[15728, 6686] 538
[18089, 6686] 748
[17812, 6686] 648
[20006, 6686] 782
[18703, 6686] 668
[18458, 6686] 750
[19155, 6686] 772
[19039, 6686] 450
[20436, 6686] 684
[27386, 6686] 820
[21116, 6686] 800
[24352, 6686] 842
[23742, 6686] 840
[20848, 6686] 480
[23411, 6686] 606
[23994, 6686] 732
[27316, 6686] 896
[27411, 6686] 854
[27395, 6686] 858
[25182, 6686] 812
[25498, 6686] 884
[27376, 6686] 816
[24027, 6686] 756
[26039, 6686] 796
[23295, 6686] 710
[24131, 6686] 706
[20079, 6686] 504
[21061, 6686] 638
[20745, 6686] 682
[20627, 6686] 692
[21300, 6686] 668
[18954, 6686] 464
[19484, 6686] 486
[20156, 6686] 552
[28378, 6686] 916
[28619, 6686] 1016
[30162, 6686] 1126
[32062, 6686] 1140
[30155, 6686] 1128
[30329, 6686] 1018
[32020, 6686] 1040
[31998, 6686] 992
[32202, 6686] 1136
[32746, 6686] 1584
[8210, 3527] 196
[16230, 3527] 394
[8643, 3527] 212
[10955, 3527] 662
[11356, 3527] 636
[12593, 3527] 616
[13107, 3527] 612
[16008, 3527] 576
[12670, 3527] 584
[11407, 3527] 636
[11087, 3527] 668
[15365, 3527] 574
[13420, 3527] 584
[14140, 3527] 442
[17207, 3527] 402
[15728, 3527] 596
[18089, 3527] 806
[17812, 3527] 706
[20006, 3527] 840
[18703, 3527] 726
[18458, 3527] 808
[19155, 3527] 830
[19039, 3527] 508
[20436, 3527] 742
[27386, 3527] 878
[21116, 3527] 858
[24352, 3527] 900
[23742, 3527] 898
[20848, 3527] 538
[23411, 3527] 664
[23994, 3527] 790
[27316, 3527] 954
[27411, 3527] 912
[27395, 3527] 916
[25182, 3527] 870
[25498, 3527] 942
[27376, 3527] 874
[24027, 3527] 814
[26039, 3527] 854
[23295, 3527] 768
[24131, 3527] 764
[20079, 3527] 562
[21061, 3527] 696
[20745, 3527] 740
[20627, 3527] 750
[21300, 3527] 726
[18954, 3527] 522
[19484, 3527] 544
[20156, 3527] 610
[28378, 3527] 974
[28619, 3527] 1074
[30162, 3527] 1184
[32062, 3527] 1198
[30155, 3527] 1186
[30329, 3527] 1076
[32020, 3527] 1098
[31998, 3527] 1050
[32202, 3527] 1194
[32746, 3527] 1642
[16230, 8210] 246
[8643, 8210] 64
[10955, 8210] 514
[11356, 8210] 488
[12593, 8210] 468
[13107, 8210] 464
[16008, 8210] 428
[12670, 8210] 436
[11407, 8210] 488
[11087, 8210] 520
[15365, 8210] 426
[13420, 8210] 436
[14140, 8210] 294
[17207, 8210] 254
[15728, 8210] 448
[18089, 8210] 670
[17812, 8210] 566
[20006, 8210] 700
[18703, 8210] 586
[18458, 8210] 672
[19155, 8210] 690
[19039, 8210] 360
[20436, 8210] 602
[27386, 8210] 730
[21116, 8210] 718
[24352, 8210] 760
[23742, 8210] 758
[20848, 8210] 390
[23411, 8210] 516
[23994, 8210] 642
[27316, 8210] 806
[27411, 8210] 764
[27395, 8210] 768
[25182, 8210] 722
[25498, 8210] 794
[27376, 8210] 726
[24027, 8210] 666
[26039, 8210] 706
[23295, 8210] 620
[24131, 8210] 616
[20079, 8210] 414
[21061, 8210] 548
[20745, 8210] 600
[20627, 8210] 610
[21300, 8210] 578
[18954, 8210] 374
[19484, 8210] 396
[20156, 8210] 462
[28378, 8210] 826
[28619, 8210] 934
[30162, 8210] 1036
[32062, 8210] 1050
[30155, 8210] 1038
[30329, 8210] 928
[32020, 8210] 950
[31998, 8210] 902
[32202, 8210] 1046
[32746, 8210] 1502
[8643, 16230] 222
[10955, 16230] 316
[11356, 16230] 290
[12593, 16230] 270
[13107, 16230] 266
[16008, 16230] 230
[12670, 16230] 238
[11407, 16230] 290
[11087, 16230] 322
[15365, 16230] 228
[13420, 16230] 238
[14140, 16230] 96
[17207, 16230] 32
[15728, 16230] 250
[18089, 16230] 548
[17812, 16230] 348
[20006, 16230] 482
[18703, 16230] 368
[18458, 16230] 522
[19155, 16230] 472
[19039, 16230] 142
[20436, 16230] 384
[27386, 16230] 512
[21116, 16230] 500
[24352, 16230] 542
[23742, 16230] 540
[20848, 16230] 172
[23411, 16230] 298
[23994, 16230] 424
[27316, 16230] 588
[27411, 16230] 546
[27395, 16230] 550
[25182, 16230] 504
[25498, 16230] 576
[27376, 16230] 508
[24027, 16230] 448
[26039, 16230] 488
[23295, 16230] 402
[24131, 16230] 398
[20079, 16230] 196
[21061, 16230] 330
[20745, 16230] 382
[20627, 16230] 392
[21300, 16230] 360
[18954, 16230] 156
[19484, 16230] 178
[20156, 16230] 244
[28378, 16230] 608
[28619, 16230] 716
[30162, 16230] 818
[32062, 16230] 832
[30155, 16230] 820
[30329, 16230] 710
[32020, 16230] 732
[31998, 16230] 684
[32202, 16230] 828
[32746, 16230] 1284
[10955, 8643] 490
[11356, 8643] 464
[12593, 8643] 444
[13107, 8643] 440
[16008, 8643] 404
[12670, 8643] 412
[11407, 8643] 464
[11087, 8643] 496
[15365, 8643] 402
[13420, 8643] 412
[14140, 8643] 270
[17207, 8643] 230
[15728, 8643] 424
[18089, 8643] 666
[17812, 8643] 542
[20006, 8643] 676
[18703, 8643] 562
[18458, 8643] 668
[19155, 8643] 666
[19039, 8643] 336
[20436, 8643] 578
[27386, 8643] 706
[21116, 8643] 694
[24352, 8643] 736
[23742, 8643] 734
[20848, 8643] 366
[23411, 8643] 492
[23994, 8643] 618
[27316, 8643] 782
[27411, 8643] 740
[27395, 8643] 744
[25182, 8643] 698
[25498, 8643] 770
[27376, 8643] 702
[24027, 8643] 642
[26039, 8643] 682
[23295, 8643] 596
[24131, 8643] 592
[20079, 8643] 390
[21061, 8643] 524
[20745, 8643] 576
[20627, 8643] 586
[21300, 8643] 554
[18954, 8643] 350
[19484, 8643] 372
[20156, 8643] 438
[28378, 8643] 802
[28619, 8643] 910
[30162, 8643] 1012
[32062, 8643] 1026
[30155, 8643] 1014
[30329, 8643] 904
[32020, 8643] 926
[31998, 8643] 878
[32202, 8643] 1022
[32746, 8643] 1478
[11356, 10955] 74
[12593, 10955] 118
[13107, 10955] 114
[16008, 10955] 130
[12670, 10955] 106
[11407, 10955] 74
[11087, 10955] 50
[15365, 10955] 128
[13420, 10955] 106
[14140, 10955] 232
[17207, 10955] 328
[15728, 10955] 134
[18089, 10955] 844
[17812, 10955] 644
[20006, 10955] 778
[18703, 10955] 664
[18458, 10955] 818
[19155, 10955] 768
[19039, 10955] 438
[20436, 10955] 680
[27386, 10955] 808
[21116, 10955] 796
[24352, 10955] 838
[23742, 10955] 836
[20848, 10955] 468
[23411, 10955] 594
[23994, 10955] 720
[27316, 10955] 884
[27411, 10955] 842
[27395, 10955] 846
[25182, 10955] 800
[25498, 10955] 872
[27376, 10955] 804
[24027, 10955] 744
[26039, 10955] 784
[23295, 10955] 698
[24131, 10955] 694
[20079, 10955] 492
[21061, 10955] 626
[20745, 10955] 678
[20627, 10955] 688
[21300, 10955] 656
[18954, 10955] 452
[19484, 10955] 474
[20156, 10955] 540
[28378, 10955] 904
[28619, 10955] 1012
[30162, 10955] 1114
[32062, 10955] 1128
[30155, 10955] 1116
[30329, 10955] 1006
[32020, 10955] 1028
[31998, 10955] 980
[32202, 10955] 1124
[32746, 10955] 1580
[12593, 11356] 88
[13107, 11356] 84
[16008, 11356] 104
[12670, 11356] 80
[11407, 11356] 48
[11087, 11356] 80
[15365, 11356] 102
[13420, 11356] 80
[14140, 11356] 206
[17207, 11356] 302
[15728, 11356] 104
[18089, 11356] 818
[17812, 11356] 618
[20006, 11356] 752
[18703, 11356] 638
[18458, 11356] 792
[19155, 11356] 742
[19039, 11356] 412
[20436, 11356] 654
[27386, 11356] 782
[21116, 11356] 770
[24352, 11356] 812
[23742, 11356] 810
[20848, 11356] 442
[23411, 11356] 568
[23994, 11356] 694
[27316, 11356] 858
[27411, 11356] 816
[27395, 11356] 820
[25182, 11356] 774
[25498, 11356] 846
[27376, 11356] 778
[24027, 11356] 718
[26039, 11356] 758
[23295, 11356] 672
[24131, 11356] 668
[20079, 11356] 466
[21061, 11356] 600
[20745, 11356] 652
[20627, 11356] 662
[21300, 11356] 630
[18954, 11356] 426
[19484, 11356] 448
[20156, 11356] 514
[28378, 11356] 878
[28619, 11356] 986
[30162, 11356] 1088
[32062, 11356] 1102
[30155, 11356] 1090
[30329, 11356] 980
[32020, 11356] 1002
[31998, 11356] 954
[32202, 11356] 1098
[32746, 11356] 1554
[13107, 12593] 20
[16008, 12593] 84
[12670, 12593] 60
[11407, 12593] 92
[11087, 12593] 124
[15365, 12593] 82
[13420, 12593] 60
[14140, 12593] 186
[17207, 12593] 282
[15728, 12593] 60
[18089, 12593] 798
[17812, 12593] 598
[20006, 12593] 732
[18703, 12593] 618
[18458, 12593] 772
[19155, 12593] 722
[19039, 12593] 392
[20436, 12593] 634
[27386, 12593] 762
[21116, 12593] 750
[24352, 12593] 792
[23742, 12593] 790
[20848, 12593] 422
[23411, 12593] 548
[23994, 12593] 674
[27316, 12593] 838
[27411, 12593] 796
[27395, 12593] 800
[25182, 12593] 754
[25498, 12593] 826
[27376, 12593] 758
[24027, 12593] 698
[26039, 12593] 738
[23295, 12593] 652
[24131, 12593] 648
[20079, 12593] 446
[21061, 12593] 580
[20745, 12593] 632
[20627, 12593] 642
[21300, 12593] 610
[18954, 12593] 406
[19484, 12593] 428
[20156, 12593] 494
[28378, 12593] 858
[28619, 12593] 966
[30162, 12593] 1068
[32062, 12593] 1082
[30155, 12593] 1070
[30329, 12593] 960
[32020, 12593] 982
[31998, 12593] 934
[32202, 12593] 1078
[32746, 12593] 1534
[16008, 13107] 80
[12670, 13107] 56
[11407, 13107] 88
[11087, 13107] 120
[15365, 13107] 78
[13420, 13107] 56
[14140, 13107] 182
[17207, 13107] 278
[15728, 13107] 56
[18089, 13107] 794
[17812, 13107] 594
[20006, 13107] 728
[18703, 13107] 614
[18458, 13107] 768
[19155, 13107] 718
[19039, 13107] 388
[20436, 13107] 630
[27386, 13107] 758
[21116, 13107] 746
[24352, 13107] 788
[23742, 13107] 786
[20848, 13107] 418
[23411, 13107] 544
[23994, 13107] 670
[27316, 13107] 834
[27411, 13107] 792
[27395, 13107] 796
[25182, 13107] 750
[25498, 13107] 822
[27376, 13107] 754
[24027, 13107] 694
[26039, 13107] 734
[23295, 13107] 648
[24131, 13107] 644
[20079, 13107] 442
[21061, 13107] 576
[20745, 13107] 628
[20627, 13107] 638
[21300, 13107] 606
[18954, 13107] 402
[19484, 13107] 424
[20156, 13107] 490
[28378, 13107] 854
[28619, 13107] 962
[30162, 13107] 1064
[32062, 13107] 1078
[30155, 13107] 1066
[30329, 13107] 956
[32020, 13107] 978
[31998, 13107] 930
[32202, 13107] 1074
[32746, 13107] 1530
[12670, 16008] 56
[11407, 16008] 104
[11087, 16008] 136
[15365, 16008] 14
[13420, 16008] 56
[14140, 16008] 146
[17207, 16008] 242
[15728, 16008] 52
[18089, 16008] 758
[17812, 16008] 558
[20006, 16008] 692
[18703, 16008] 578
[18458, 16008] 732
[19155, 16008] 682
[19039, 16008] 352
[20436, 16008] 594
[27386, 16008] 722
[21116, 16008] 710
[24352, 16008] 752
[23742, 16008] 750
[20848, 16008] 382
[23411, 16008] 508
[23994, 16008] 634
[27316, 16008] 798
[27411, 16008] 756
[27395, 16008] 760
[25182, 16008] 714
[25498, 16008] 786
[27376, 16008] 718
[24027, 16008] 658
[26039, 16008] 698
[23295, 16008] 612
[24131, 16008] 608
[20079, 16008] 406
[21061, 16008] 540
[20745, 16008] 592
[20627, 16008] 602
[21300, 16008] 570
[18954, 16008] 366
[19484, 16008] 388
[20156, 16008] 454
[28378, 16008] 818
[28619, 16008] 926
[30162, 16008] 1028
[32062, 16008] 1042
[30155, 16008] 1030
[30329, 16008] 920
[32020, 16008] 942
[31998, 16008] 894
[32202, 16008] 1038
[32746, 16008] 1494
[11407, 12670] 80
[11087, 12670] 112
[15365, 12670] 54
[13420, 12670] 20
[14140, 12670] 154
[17207, 12670] 250
[15728, 12670] 76
[18089, 12670] 766
[17812, 12670] 566
[20006, 12670] 700
[18703, 12670] 586
[18458, 12670] 740
[19155, 12670] 690
[19039, 12670] 360
[20436, 12670] 602
[27386, 12670] 730
[21116, 12670] 718
[24352, 12670] 760
[23742, 12670] 758
[20848, 12670] 390
[23411, 12670] 516
[23994, 12670] 642
[27316, 12670] 806
[27411, 12670] 764
[27395, 12670] 768
[25182, 12670] 722
[25498, 12670] 794
[27376, 12670] 726
[24027, 12670] 666
[26039, 12670] 706
[23295, 12670] 620
[24131, 12670] 616
[20079, 12670] 414
[21061, 12670] 548
[20745, 12670] 600
[20627, 12670] 610
[21300, 12670] 578
[18954, 12670] 374
[19484, 12670] 396
[20156, 12670] 462
[28378, 12670] 826
[28619, 12670] 934
[30162, 12670] 1036
[32062, 12670] 1050
[30155, 12670] 1038
[30329, 12670] 928
[32020, 12670] 950
[31998, 12670] 902
[32202, 12670] 1046
[32746, 12670] 1502
[11087, 11407] 76
[15365, 11407] 102
[13420, 11407] 80
[14140, 11407] 206
[17207, 11407] 302
[15728, 11407] 108
[18089, 11407] 818
[17812, 11407] 618
[20006, 11407] 752
[18703, 11407] 638
[18458, 11407] 792
[19155, 11407] 742
[19039, 11407] 412
[20436, 11407] 654
[27386, 11407] 782
[21116, 11407] 770
[24352, 11407] 812
[23742, 11407] 810
[20848, 11407] 442
[23411, 11407] 568
[23994, 11407] 694
[27316, 11407] 858
[27411, 11407] 816
[27395, 11407] 820
[25182, 11407] 774
[25498, 11407] 846
[27376, 11407] 778
[24027, 11407] 718
[26039, 11407] 758
[23295, 11407] 672
[24131, 11407] 668
[20079, 11407] 466
[21061, 11407] 600
[20745, 11407] 652
[20627, 11407] 662
[21300, 11407] 630
[18954, 11407] 426
[19484, 11407] 448
[20156, 11407] 514
[28378, 11407] 878
[28619, 11407] 986
[30162, 11407] 1088
[32062, 11407] 1102
[30155, 11407] 1090
[30329, 11407] 980
[32020, 11407] 1002
[31998, 11407] 954
[32202, 11407] 1098
[32746, 11407] 1554
[15365, 11087] 134
[13420, 11087] 112
[14140, 11087] 238
[17207, 11087] 334
[15728, 11087] 140
[18089, 11087] 850
[17812, 11087] 650
[20006, 11087] 784
[18703, 11087] 670
[18458, 11087] 824
[19155, 11087] 774
[19039, 11087] 444
[20436, 11087] 686
[27386, 11087] 814
[21116, 11087] 802
[24352, 11087] 844
[23742, 11087] 842
[20848, 11087] 474
[23411, 11087] 600
[23994, 11087] 726
[27316, 11087] 890
[27411, 11087] 848
[27395, 11087] 852
[25182, 11087] 806
[25498, 11087] 878
[27376, 11087] 810
[24027, 11087] 750
[26039, 11087] 790
[23295, 11087] 704
[24131, 11087] 700
[20079, 11087] 498
[21061, 11087] 632
[20745, 11087] 684
[20627, 11087] 694
[21300, 11087] 662
[18954, 11087] 458
[19484, 11087] 480
[20156, 11087] 546
[28378, 11087] 910
[28619, 11087] 1018
[30162, 11087] 1120
[32062, 11087] 1134
[30155, 11087] 1122
[30329, 11087] 1012
[32020, 11087] 1034
[31998, 11087] 986
[32202, 11087] 1130
[32746, 11087] 1586
[13420, 15365] 54
[14140, 15365] 144
[17207, 15365] 240
[15728, 15365] 50
[18089, 15365] 756
[17812, 15365] 556
[20006, 15365] 690
[18703, 15365] 576
[18458, 15365] 730
[19155, 15365] 680
[19039, 15365] 350
[20436, 15365] 592
[27386, 15365] 720
[21116, 15365] 708
[24352, 15365] 750
[23742, 15365] 748
[20848, 15365] 380
[23411, 15365] 506
[23994, 15365] 632
[27316, 15365] 796
[27411, 15365] 754
[27395, 15365] 758
[25182, 15365] 712
[25498, 15365] 784
[27376, 15365] 716
[24027, 15365] 656
[26039, 15365] 696
[23295, 15365] 610
[24131, 15365] 606
[20079, 15365] 404
[21061, 15365] 538
[20745, 15365] 590
[20627, 15365] 600
[21300, 15365] 568
[18954, 15365] 364
[19484, 15365] 386
[20156, 15365] 452
[28378, 15365] 816
[28619, 15365] 924
[30162, 15365] 1026
[32062, 15365] 1040
[30155, 15365] 1028
[30329, 15365] 918
[32020, 15365] 940
[31998, 15365] 892
[32202, 15365] 1036
[32746, 15365] 1492
[14140, 13420] 154
[17207, 13420] 250
[15728, 13420] 76
[18089, 13420] 766
[17812, 13420] 566
[20006, 13420] 700
[18703, 13420] 586
[18458, 13420] 740
[19155, 13420] 690
[19039, 13420] 360
[20436, 13420] 602
[27386, 13420] 730
[21116, 13420] 718
[24352, 13420] 760
[23742, 13420] 758
[20848, 13420] 390
[23411, 13420] 516
[23994, 13420] 642
[27316, 13420] 806
[27411, 13420] 764
[27395, 13420] 768
[25182, 13420] 722
[25498, 13420] 794
[27376, 13420] 726
[24027, 13420] 666
[26039, 13420] 706
[23295, 13420] 620
[24131, 13420] 616
[20079, 13420] 414
[21061, 13420] 548
[20745, 13420] 600
[20627, 13420] 610
[21300, 13420] 578
[18954, 13420] 374
[19484, 13420] 396
[20156, 13420] 462
[28378, 13420] 826
[28619, 13420] 934
[30162, 13420] 1036
[32062, 13420] 1050
[30155, 13420] 1038
[30329, 13420] 928
[32020, 13420] 950
[31998, 13420] 902
[32202, 13420] 1046
[32746, 13420] 1502
[17207, 14140] 108
[15728, 14140] 166
[18089, 14140] 624
[17812, 14140] 424
[20006, 14140] 558
[18703, 14140] 444
[18458, 14140] 598
[19155, 14140] 548
[19039, 14140] 218
[20436, 14140] 460
[27386, 14140] 588
[21116, 14140] 576
[24352, 14140] 618
[23742, 14140] 616
[20848, 14140] 248
[23411, 14140] 374
[23994, 14140] 500
[27316, 14140] 664
[27411, 14140] 622
[27395, 14140] 626
[25182, 14140] 580
[25498, 14140] 652
[27376, 14140] 584
[24027, 14140] 524
[26039, 14140] 564
[23295, 14140] 478
[24131, 14140] 474
[20079, 14140] 272
[21061, 14140] 406
[20745, 14140] 458
[20627, 14140] 468
[21300, 14140] 436
[18954, 14140] 232
[19484, 14140] 254
[20156, 14140] 320
[28378, 14140] 684
[28619, 14140] 792
[30162, 14140] 894
[32062, 14140] 908
[30155, 14140] 896
[30329, 14140] 786
[32020, 14140] 808
[31998, 14140] 760
[32202, 14140] 904
[32746, 14140] 1360
[15728, 17207] 262
[18089, 17207] 556
[17812, 17207] 356
[20006, 17207] 490
[18703, 17207] 376
[18458, 17207] 530
[19155, 17207] 480
[19039, 17207] 138
[20436, 17207] 392
[27386, 17207] 520
[21116, 17207] 508
[24352, 17207] 550
[23742, 17207] 548
[20848, 17207] 168
[23411, 17207] 294
[23994, 17207] 432
[27316, 17207] 596
[27411, 17207] 554
[27395, 17207] 558
[25182, 17207] 512
[25498, 17207] 584
[27376, 17207] 516
[24027, 17207] 456
[26039, 17207] 496
[23295, 17207] 410
[24131, 17207] 406
[20079, 17207] 204
[21061, 17207] 338
[20745, 17207] 390
[20627, 17207] 400
[21300, 17207] 368
[18954, 17207] 160
[19484, 17207] 186
[20156, 17207] 252
[28378, 17207] 616
[28619, 17207] 724
[30162, 17207] 826
[32062, 17207] 840
[30155, 17207] 828
[30329, 17207] 718
[32020, 17207] 740
[31998, 17207] 692
[32202, 17207] 836
[32746, 17207] 1292
[18089, 15728] 778
[17812, 15728] 578
[20006, 15728] 712
[18703, 15728] 598
[18458, 15728] 752
[19155, 15728] 702
[19039, 15728] 372
[20436, 15728] 614
[27386, 15728] 742
[21116, 15728] 730
[24352, 15728] 772
[23742, 15728] 770
[20848, 15728] 402
[23411, 15728] 528
[23994, 15728] 654
[27316, 15728] 818
[27411, 15728] 776
[27395, 15728] 780
[25182, 15728] 734
[25498, 15728] 806
[27376, 15728] 738
[24027, 15728] 678
[26039, 15728] 718
[23295, 15728] 632
[24131, 15728] 628
[20079, 15728] 426
[21061, 15728] 560
[20745, 15728] 612
[20627, 15728] 622
[21300, 15728] 590
[18954, 15728] 386
[19484, 15728] 408
[20156, 15728] 474
[28378, 15728] 838
[28619, 15728] 946
[30162, 15728] 1048
[32062, 15728] 1062
[30155, 15728] 1050
[30329, 15728] 940
[32020, 15728] 962
[31998, 15728] 914
[32202, 15728] 1058
[32746, 15728] 1514
[17812, 18089] 256
[20006, 18089] 94
[18703, 18089] 240
[18458, 18089] 54
[19155, 18089] 128
[19039, 18089] 542
[20436, 18089] 260
[27386, 18089] 532
[21116, 18089] 204
[24352, 18089] 238
[23742, 18089] 236
[20848, 18089] 612
[23411, 18089] 798
[23994, 18089] 424
[27316, 18089] 628
[27411, 18089] 586
[27395, 18089] 590
[25182, 18089] 544
[25498, 18089] 616
[27376, 18089] 528
[24027, 18089] 488
[26039, 18089] 508
[23295, 18089] 442
[24131, 18089] 398
[20079, 18089] 484
[21061, 18089] 338
[20745, 18089] 266
[20627, 18089] 276
[21300, 18089] 344
[18954, 18089] 520
[19484, 18089] 490
[20156, 18089] 424
[28378, 18089] 648
[28619, 18089] 384
[30162, 18089] 842
[32062, 18089] 856
[30155, 18089] 844
[30329, 18089] 734
[32020, 18089] 756
[31998, 18089] 708
[32202, 18089] 852
[32746, 18089] 952
[20006, 17812] 190
[18703, 17812] 76
[18458, 17812] 230
[19155, 17812] 180
[19039, 17812] 370
[20436, 17812] 92
[27386, 17812] 360
[21116, 17812] 208
[24352, 17812] 250
[23742, 17812] 248
[20848, 17812] 440
[23411, 17812] 598
[23994, 17812] 252
[27316, 17812] 456
[27411, 17812] 414
[27395, 17812] 418
[25182, 17812] 372
[25498, 17812] 444
[27376, 17812] 356
[24027, 17812] 316
[26039, 17812] 336
[23295, 17812] 270
[24131, 17812] 226
[20079, 17812] 312
[21061, 17812] 166
[20745, 17812] 94
[20627, 17812] 104
[21300, 17812] 172
[18954, 17812] 348
[19484, 17812] 318
[20156, 17812] 252
[28378, 17812] 476
[28619, 17812] 424
[30162, 17812] 686
[32062, 17812] 700
[30155, 17812] 688
[30329, 17812] 578
[32020, 17812] 600
[31998, 17812] 552
[32202, 17812] 696
[32746, 17812] 992
[18703, 20006] 174
[18458, 20006] 68
[19155, 20006] 66
[19039, 20006] 476
[20436, 20006] 194
[27386, 20006] 466
[21116, 20006] 138
[24352, 20006] 172
[23742, 20006] 170
[20848, 20006] 546
[23411, 20006] 732
[23994, 20006] 358
[27316, 20006] 562
[27411, 20006] 520
[27395, 20006] 524
[25182, 20006] 478
[25498, 20006] 550
[27376, 20006] 462
[24027, 20006] 422
[26039, 20006] 442
[23295, 20006] 376
[24131, 20006] 332
[20079, 20006] 418
[21061, 20006] 272
[20745, 20006] 200
[20627, 20006] 210
[21300, 20006] 278
[18954, 20006] 454
[19484, 20006] 424
[20156, 20006] 358
[28378, 20006] 582
[28619, 20006] 318
[30162, 20006] 776
[32062, 20006] 790
[30155, 20006] 778
[30329, 20006] 668
[32020, 20006] 690
[31998, 20006] 642
[32202, 20006] 786
[32746, 20006] 886
[18458, 18703] 214
[19155, 18703] 164
[19039, 18703] 386
[20436, 18703] 104
[27386, 18703] 376
[21116, 18703] 216
[24352, 18703] 250
[23742, 18703] 248
[20848, 18703] 456
[23411, 18703] 618
[23994, 18703] 268
[27316, 18703] 472
[27411, 18703] 430
[27395, 18703] 434
[25182, 18703] 388
[25498, 18703] 460
[27376, 18703] 372
[24027, 18703] 332
[26039, 18703] 352
[23295, 18703] 286
[24131, 18703] 242
[20079, 18703] 328
[21061, 18703] 182
[20745, 18703] 110
[20627, 18703] 120
[21300, 18703] 188
[18954, 18703] 364
[19484, 18703] 334
[20156, 18703] 268
[28378, 18703] 492
[28619, 18703] 408
[30162, 18703] 702
[32062, 18703] 716
[30155, 18703] 704
[30329, 18703] 594
[32020, 18703] 616
[31998, 18703] 568
[32202, 18703] 712
[32746, 18703] 976
[19155, 18458] 102
[19039, 18458] 516
[20436, 18458] 234
[27386, 18458] 506
[21116, 18458] 178
[24352, 18458] 212
[23742, 18458] 210
[20848, 18458] 586
[23411, 18458] 772
[23994, 18458] 398
[27316, 18458] 602
[27411, 18458] 560
[27395, 18458] 564
[25182, 18458] 518
[25498, 18458] 590
[27376, 18458] 502
[24027, 18458] 462
[26039, 18458] 482
[23295, 18458] 416
[24131, 18458] 372
[20079, 18458] 458
[21061, 18458] 312
[20745, 18458] 240
[20627, 18458] 250
[21300, 18458] 318
[18954, 18458] 494
[19484, 18458] 464
[20156, 18458] 398
[28378, 18458] 622
[28619, 18458] 358
[30162, 18458] 816
[32062, 18458] 830
[30155, 18458] 818
[30329, 18458] 708
[32020, 18458] 730
[31998, 18458] 682
[32202, 18458] 826
[32746, 18458] 926
[19039, 19155] 466
[20436, 19155] 184
[27386, 19155] 456
[21116, 19155] 128
[24352, 19155] 162
[23742, 19155] 160
[20848, 19155] 536
[23411, 19155] 722
[23994, 19155] 348
[27316, 19155] 552
[27411, 19155] 510
[27395, 19155] 514
[25182, 19155] 468
[25498, 19155] 540
[27376, 19155] 452
[24027, 19155] 412
[26039, 19155] 432
[23295, 19155] 366
[24131, 19155] 322
[20079, 19155] 408
[21061, 19155] 262
[20745, 19155] 190
[20627, 19155] 200
[21300, 19155] 268
[18954, 19155] 444
[19484, 19155] 414
[20156, 19155] 348
[28378, 19155] 572
[28619, 19155] 308
[30162, 19155] 766
[32062, 19155] 780
[30155, 19155] 768
[30329, 19155] 658
[32020, 19155] 680
[31998, 19155] 632
[32202, 19155] 776
[32746, 19155] 876
[20436, 19039] 318
[27386, 19039] 402
[21116, 19039] 434
[24352, 19039] 476
[23742, 19039] 474
[20848, 19039] 86
[23411, 19039] 280
[23994, 19039] 314
[27316, 19039] 478
[27411, 19039] 436
[27395, 19039] 440
[25182, 19039] 394
[25498, 19039] 466
[27376, 19039] 398
[24027, 19039] 338
[26039, 19039] 378
[23295, 19039] 292
[24131, 19039] 288
[20079, 19039] 86
[21061, 19039] 220
[20745, 19039] 312
[20627, 19039] 282
[21300, 19039] 250
[18954, 19039] 42
[19484, 19039] 68
[20156, 19039] 134
[28378, 19039] 498
[28619, 19039] 642
[30162, 19039] 708
[32062, 19039] 722
[30155, 19039] 710
[30329, 19039] 600
[32020, 19039] 622
[31998, 19039] 574
[32202, 19039] 718
[32746, 19039] 1222
[27386, 20436] 308
[21116, 20436] 128
[24352, 20436] 170
[23742, 20436] 168
[20848, 20436] 388
[23411, 20436] 578
[23994, 20436] 200
[27316, 20436] 404
[27411, 20436] 362
[27395, 20436] 366
[25182, 20436] 320
[25498, 20436] 392
[27376, 20436] 304
[24027, 20436] 264
[26039, 20436] 284
[23295, 20436] 218
[24131, 20436] 174
[20079, 20436] 260
[21061, 20436] 114
[20745, 20436] 26
[20627, 20436] 52
[21300, 20436] 120
[18954, 20436] 296
[19484, 20436] 266
[20156, 20436] 200
[28378, 20436] 424
[28619, 20436] 344
[30162, 20436] 634
[32062, 20436] 648
[30155, 20436] 636
[30329, 20436] 526
[32020, 20436] 548
[31998, 20436] 500
[32202, 20436] 644
[32746, 20436] 916
[21116, 27386] 424
[24352, 27386] 466
[23742, 27386] 464
[20848, 27386] 472
[23411, 27386] 662
[23994, 27386] 244
[27316, 27386] 144
[27411, 27386] 86
[27395, 27386] 90
[25182, 27386] 92
[25498, 27386] 144
[27376, 27386] 20
[24027, 27386] 144
[26039, 27386] 44
[23295, 27386] 182
[24131, 27386] 218
[20079, 27386] 344
[21061, 27386] 210
[20745, 27386] 302
[20627, 27386] 272
[21300, 27386] 228
[18954, 27386] 380
[19484, 27386] 350
[20156, 27386] 284
[28378, 27386] 148
[28619, 27386] 368
[30162, 27386] 358
[32062, 27386] 372
[30155, 27386] 360
[30329, 27386] 250
[32020, 27386] 272
[31998, 27386] 224
[32202, 27386] 368
[32746, 27386] 1212
[24352, 21116] 110
[23742, 21116] 108
[20848, 21116] 504
[23411, 21116] 694
[23994, 21116] 316
[27316, 21116] 520
[27411, 21116] 478
[27395, 21116] 482
[25182, 21116] 436
[25498, 21116] 508
[27376, 21116] 420
[24027, 21116] 380
[26039, 21116] 400
[23295, 21116] 334
[24131, 21116] 290
[20079, 21116] 376
[21061, 21116] 230
[20745, 21116] 134
[20627, 21116] 168
[21300, 21116] 236
[18954, 21116] 412
[19484, 21116] 382
[20156, 21116] 316
[28378, 21116] 540
[28619, 21116] 284
[30162, 21116] 742
[32062, 21116] 756
[30155, 21116] 744
[30329, 21116] 634
[32020, 21116] 656
[31998, 21116] 608
[32202, 21116] 752
[32746, 21116] 852
[23742, 24352] 18
[20848, 24352] 546
[23411, 24352] 736
[23994, 24352] 358
[27316, 24352] 562
[27411, 24352] 520
[27395, 24352] 524
[25182, 24352] 478
[25498, 24352] 550
[27376, 24352] 462
[24027, 24352] 422
[26039, 24352] 442
[23295, 24352] 376
[24131, 24352] 332
[20079, 24352] 418
[21061, 24352] 272
[20745, 24352] 176
[20627, 24352] 210
[21300, 24352] 278
[18954, 24352] 454
[19484, 24352] 424
[20156, 24352] 358
[28378, 24352] 518
[28619, 24352] 198
[30162, 24352] 656
[32062, 24352] 670
[30155, 24352] 658
[30329, 24352] 548
[32020, 24352] 570
[31998, 24352] 522
[32202, 24352] 666
[32746, 24352] 866
[20848, 23742] 544
[23411, 23742] 734
[23994, 23742] 356
[27316, 23742] 560
[27411, 23742] 518
[27395, 23742] 522
[25182, 23742] 476
[25498, 23742] 548
[27376, 23742] 460
[24027, 23742] 420
[26039, 23742] 440
[23295, 23742] 374
[24131, 23742] 330
[20079, 23742] 416
[21061, 23742] 270
[20745, 23742] 174
[20627, 23742] 208
[21300, 23742] 276
[18954, 23742] 452
[19484, 23742] 422
[20156, 23742] 356
[28378, 23742] 520
[28619, 23742] 200
[30162, 23742] 658
[32062, 23742] 672
[30155, 23742] 660
[30329, 23742] 550
[32020, 23742] 572
[31998, 23742] 524
[32202, 23742] 668
[32746, 23742] 868
[23411, 20848] 310
[23994, 20848] 384
[27316, 20848] 548
[27411, 20848] 506
[27395, 20848] 510
[25182, 20848] 464
[25498, 20848] 536
[27376, 20848] 468
[24027, 20848] 408
[26039, 20848] 448
[23295, 20848] 362
[24131, 20848] 358
[20079, 20848] 156
[21061, 20848] 290
[20745, 20848] 382
[20627, 20848] 352
[21300, 20848] 320
[18954, 20848] 112
[19484, 20848] 138
[20156, 20848] 204
[28378, 20848] 568
[28619, 20848] 712
[30162, 20848] 778
[32062, 20848] 792
[30155, 20848] 780
[30329, 20848] 670
[32020, 20848] 692
[31998, 20848] 644
[32202, 20848] 788
[32746, 20848] 1292
[23994, 23411] 574
[27316, 23411] 738
[27411, 23411] 696
[27395, 23411] 700
[25182, 23411] 654
[25498, 23411] 726
[27376, 23411] 658
[24027, 23411] 598
[26039, 23411] 638
[23295, 23411] 552
[24131, 23411] 548
[20079, 23411] 346
[21061, 23411] 480
[20745, 23411] 572
[20627, 23411] 542
[21300, 23411] 510
[18954, 23411] 302
[19484, 23411] 328
[20156, 23411] 394
[28378, 23411] 758
[28619, 23411] 902
[30162, 23411] 968
[32062, 23411] 982
[30155, 23411] 970
[30329, 23411] 860
[32020, 23411] 882
[31998, 23411] 834
[32202, 23411] 978
[32746, 23411] 1482
[27316, 23994] 340
[27411, 23994] 298
[27395, 23994] 302
[25182, 23994] 264
[25498, 23994] 328
[27376, 23994] 240
[24027, 23994] 208
[26039, 23994] 220
[23295, 23994] 162
[24131, 23994] 74
[20079, 23994] 256
[21061, 23994] 122
[20745, 23994] 194
[20627, 23994] 164
[21300, 23994] 120
[18954, 23994] 292
[19484, 23994] 262
[20156, 23994] 196
[28378, 23994] 360
[28619, 23994] 464
[30162, 23994] 570
[32062, 23994] 584
[30155, 23994] 572
[30329, 23994] 462
[32020, 23994] 484
[31998, 23994] 436
[32202, 23994] 580
[32746, 23994] 1104
[27411, 27316] 106
[27395, 27316] 114
[25182, 27316] 116
[25498, 27316] 56
[27376, 27316] 148
[24027, 27316] 180
[26039, 27316] 140
[23295, 27316] 218
[24131, 27316] 314
[20079, 27316] 420
[21061, 27316] 306
[20745, 27316] 398
[20627, 27316] 368
[21300, 27316] 324
[18954, 27316] 456
[19484, 27316] 426
[20156, 27316] 360
[28378, 27316] 168
[28619, 27316] 480
[30162, 27316] 378
[32062, 27316] 392
[30155, 27316] 380
[30329, 27316] 270
[32020, 27316] 292
[31998, 27316] 244
[32202, 27316] 388
[32746, 27316] 1308
[27395, 27411] 36
[25182, 27411] 74
[25498, 27411] 106
[27376, 27411] 90
[24027, 27411] 138
[26039, 27411] 98
[23295, 27411] 176
[24131, 27411] 272
[20079, 27411] 378
[21061, 27411] 264
[20745, 27411] 356
[20627, 27411] 326
[21300, 27411] 282
[18954, 27411] 414
[19484, 27411] 384
[20156, 27411] 318
[28378, 27411] 74
[28619, 27411] 422
[30162, 27411] 284
[32062, 27411] 298
[30155, 27411] 286
[30329, 27411] 176
[32020, 27411] 198
[31998, 27411] 150
[32202, 27411] 294
[32746, 27411] 1266
[25182, 27395] 78
[25498, 27395] 114
[27376, 27395] 94
[24027, 27395] 142
[26039, 27395] 102
[23295, 27395] 180
[24131, 27395] 276
[20079, 27395] 382
[21061, 27395] 268
[20745, 27395] 360
[20627, 27395] 330
[21300, 27395] 286
[18954, 27395] 418
[19484, 27395] 388
[20156, 27395] 322
[28378, 27395] 98
[28619, 27395] 426
[30162, 27395] 308
[32062, 27395] 322
[30155, 27395] 310
[30329, 27395] 200
[32020, 27395] 222
[31998, 27395] 174
[32202, 27395] 318
[32746, 27395] 1270
[25498, 25182] 104
[27376, 25182] 96
[24027, 25182] 96
[26039, 25182] 76
[23295, 25182] 134
[24131, 25182] 238
[20079, 25182] 336
[21061, 25182] 222
[20745, 25182] 314
[20627, 25182] 284
[21300, 25182] 240
[18954, 25182] 372
[19484, 25182] 342
[20156, 25182] 276
[28378, 25182] 136
[28619, 25182] 428
[30162, 25182] 346
[32062, 25182] 360
[30155, 25182] 348
[30329, 25182] 238
[32020, 25182] 260
[31998, 25182] 212
[32202, 25182] 356
[32746, 25182] 1224
[27376, 25498] 148
[24027, 25498] 168
[26039, 25498] 128
[23295, 25498] 206
[24131, 25498] 302
[20079, 25498] 408
[21061, 25498] 294
[20745, 25498] 386
[20627, 25498] 356
[21300, 25498] 312
[18954, 25498] 444
[19484, 25498] 414
[20156, 25498] 348
[28378, 25498] 168
[28619, 25498] 480
[30162, 25498] 378
[32062, 25498] 392
[30155, 25498] 380
[30329, 25498] 270
[32020, 25498] 292
[31998, 25498] 244
[32202, 25498] 388
[32746, 25498] 1296
[24027, 27376] 148
[26039, 27376] 44
[23295, 27376] 186
[24131, 27376] 214
[20079, 27376] 340
[21061, 27376] 206
[20745, 27376] 298
[20627, 27376] 268
[21300, 27376] 224
[18954, 27376] 376
[19484, 27376] 346
[20156, 27376] 280
[28378, 27376] 152
[28619, 27376] 364
[30162, 27376] 362
[32062, 27376] 376
[30155, 27376] 364
[30329, 27376] 254
[32020, 27376] 276
[31998, 27376] 228
[32202, 27376] 372
[32746, 27376] 1208
[26039, 24027] 128
[23295, 24027] 78
[24131, 24027] 182
[20079, 24027] 280
[21061, 24027] 166
[20745, 24027] 258
[20627, 24027] 228
[21300, 24027] 184
[18954, 24027] 316
[19484, 24027] 286
[20156, 24027] 220
[28378, 24027] 200
[28619, 24027] 480
[30162, 24027] 410
[32062, 24027] 424
[30155, 24027] 412
[30329, 24027] 302
[32020, 24027] 324
[31998, 24027] 276
[32202, 24027] 420
[32746, 24027] 1168
[23295, 26039] 166
[24131, 26039] 194
[20079, 26039] 320
[21061, 26039] 186
[20745, 26039] 278
[20627, 26039] 248
[21300, 26039] 204
[18954, 26039] 356
[19484, 26039] 326
[20156, 26039] 260
[28378, 26039] 160
[28619, 26039] 372
[30162, 26039] 370
[32062, 26039] 384
[30155, 26039] 372
[30329, 26039] 262
[32020, 26039] 284
[31998, 26039] 236
[32202, 26039] 380
[32746, 26039] 1188
[24131, 23295] 136
[20079, 23295] 234
[21061, 23295] 120
[20745, 23295] 212
[20627, 23295] 182
[21300, 23295] 138
[18954, 23295] 270
[19484, 23295] 240
[20156, 23295] 174
[28378, 23295] 238
[28619, 23295] 490
[30162, 23295] 448
[32062, 23295] 462
[30155, 23295] 450
[30329, 23295] 340
[32020, 23295] 362
[31998, 23295] 314
[32202, 23295] 458
[32746, 23295] 1122
[20079, 24131] 230
[21061, 24131] 96
[20745, 24131] 168
[20627, 24131] 138
[21300, 24131] 94
[18954, 24131] 266
[19484, 24131] 236
[20156, 24131] 170
[28378, 24131] 334
[28619, 24131] 438
[30162, 24131] 544
[32062, 24131] 558
[30155, 24131] 546
[30329, 24131] 436
[32020, 24131] 458
[31998, 24131] 410
[32202, 24131] 554
[32746, 24131] 1078
[21061, 20079] 162
[20745, 20079] 254
[20627, 20079] 224
[21300, 20079] 192
[18954, 20079] 64
[19484, 20079] 34
[20156, 20079] 76
[28378, 20079] 440
[28619, 20079] 584
[30162, 20079] 650
[32062, 20079] 664
[30155, 20079] 652
[30329, 20079] 542
[32020, 20079] 564
[31998, 20079] 516
[32202, 20079] 660
[32746, 20079] 1164
[20745, 21061] 108
[20627, 21061] 78
[21300, 21061] 58
[18954, 21061] 198
[19484, 21061] 168
[20156, 21061] 102
[28378, 21061] 326
[28619, 21061] 446
[30162, 21061] 536
[32062, 21061] 550
[30155, 21061] 538
[30329, 21061] 428
[32020, 21061] 450
[31998, 21061] 402
[32202, 21061] 546
[32746, 21061] 1018
[20627, 20745] 46
[21300, 20745] 114
[18954, 20745] 290
[19484, 20745] 260
[20156, 20745] 194
[28378, 20745] 418
[28619, 20745] 350
[30162, 20745] 628
[32062, 20745] 642
[30155, 20745] 630
[30329, 20745] 520
[32020, 20745] 542
[31998, 20745] 494
[32202, 20745] 638
[32746, 20745] 922
[21300, 20627] 84
[18954, 20627] 260
[19484, 20627] 230
[20156, 20627] 164
[28378, 20627] 388
[28619, 20627] 384
[30162, 20627] 598
[32062, 20627] 612
[30155, 20627] 600
[30329, 20627] 490
[32020, 20627] 512
[31998, 20627] 464
[32202, 20627] 608
[32746, 20627] 956
[18954, 21300] 228
[19484, 21300] 198
[20156, 21300] 132
[28378, 21300] 344
[28619, 21300] 448
[30162, 21300] 554
[32062, 21300] 568
[30155, 21300] 556
[30329, 21300] 446
[32020, 21300] 468
[31998, 21300] 420
[32202, 21300] 564
[32746, 21300] 1024
[19484, 18954] 46
[20156, 18954] 112
[28378, 18954] 476
[28619, 18954] 620
[30162, 18954] 686
[32062, 18954] 700
[30155, 18954] 688
[30329, 18954] 578
[32020, 18954] 600
[31998, 18954] 552
[32202, 18954] 696
[32746, 18954] 1200
[20156, 19484] 82
[28378, 19484] 446
[28619, 19484] 590
[30162, 19484] 656
[32062, 19484] 670
[30155, 19484] 658
[30329, 19484] 548
[32020, 19484] 570
[31998, 19484] 522
[32202, 19484] 666
[32746, 19484] 1170
[28378, 20156] 380
[28619, 20156] 524
[30162, 20156] 590
[32062, 20156] 604
[30155, 20156] 592
[30329, 20156] 482
[32020, 20156] 504
[31998, 20156] 456
[32202, 20156] 600
[32746, 20156] 1104
[28619, 28378] 392
[30162, 28378] 226
[32062, 28378] 240
[30155, 28378] 228
[30329, 28378] 118
[32020, 28378] 140
[31998, 28378] 92
[32202, 28378] 236
[32746, 28378] 1296
[30162, 28619] 530
[32062, 28619] 544
[30155, 28619] 532
[30329, 28619] 422
[32020, 28619] 444
[31998, 28619] 396
[32202, 28619] 540
[32746, 28619] 976
[32062, 30162] 98
[30155, 30162] 14
[30329, 30162] 172
[32020, 30162] 198
[31998, 30162] 206
[32202, 30162] 94
[32746, 30162] 1434
[30155, 32062] 100
[30329, 32062] 186
[32020, 32062] 176
[31998, 32062] 184
[32202, 32062] 28
[32746, 32062] 1448
[30329, 30155] 174
[32020, 30155] 200
[31998, 30155] 208
[32202, 30155] 96
[32746, 30155] 1436
[32020, 30329] 90
[31998, 30329] 98
[32202, 30329] 182
[32746, 30329] 1326
[31998, 32020] 72
[32202, 32020] 172
[32746, 32020] 1348
[32202, 31998] 180
[32746, 31998] 1300
[32746, 32202] 1444
