[7823, 8211] 102
[6679, 8211] 130
[4626, 8211] 148
[7671, 8211] 114
[1592, 8211] 408
[1813, 8211] 370
[10688, 8211] 542
[10129, 8211] 546
[10367, 8211] 518
[8169, 8211] 454
[10635, 8211] 598
[10417, 8211] 594
[8236, 8211] 416
[6205, 8211] 468
[6686, 8211] 440
[3527, 8211] 416
[8210, 8211] 458
[16230, 8211] 492
[8643, 8211] 454
[10955, 8211] 764
[11356, 8211] 738
[12593, 8211] 718
[13107, 8211] 714
[14605, 8211] 696
[16008, 8211] 678
[12670, 8211] 686
[11407, 8211] 738
[11087, 8211] 770
[15365, 8211] 676
[13420, 8211] 686
[14140, 8211] 544
[17207, 8211] 500
[15728, 8211] 698
[13470, 8211] 390
[18089, 8211] 620
[17812, 8211] 552
[20006, 8211] 662
[18703, 8211] 548
[18458, 8211] 622
[19155, 8211] 660
[19039, 8211] 518
[20436, 8211] 588
[27386, 8211] 852
[21116, 8211] 704
[24352, 8211] 746
[23742, 8211] 744
[20848, 8211] 588
[23411, 8211] 746
[23994, 8211] 744
[27316, 8211] 936
[27411, 8211] 894
[27395, 8211] 898
[25182, 8211] 852
[25498, 8211] 924
[27364, 8211] 808
[27376, 8211] 848
[28009, 8211] 816
[28236, 8211] 842
[24027, 8211] 796
[25118, 8211] 830
[26039, 8211] 828
[28002, 8211] 818
[28229, 8211] 844
[22136, 8211] 686
[23295, 8211] 750
[24131, 8211] 718
[20079, 8211] 544
[21061, 8211] 658
[20745, 8211] 586
[20627, 8211] 596
[21300, 8211] 664
[20231, 8211] 600
[18954, 8211] 508
[19484, 8211] 526
[20156, 8211] 592
[21241, 8211] 648
[28378, 8211] 956
[28619, 8211] 904
[32792, 8211] 1046
[33414, 8211] 1184
[30162, 8211] 1166
[28748, 8211] 964
[32062, 8211] 1180
[30155, 8211] 1168
[30329, 8211] 1058
[30892, 8211] 962
[32020, 8211] 1080
[31998, 8211] 1032
[32202, 8211] 1176
[25351, 8211] 952
[26326, 8211] 1038
[27443, 8211] 1026
[32562, 8211] 1448
[32746, 8211] 1472
[6679, 7823] 52
[4626, 7823] 142
[7671, 7823] 108
[1592, 7823] 322
[1813, 7823] 284
[10688, 7823] 480
[10129, 7823] 484
[10367, 7823] 456
[8169, 7823] 392
[10635, 7823] 536
[10417, 7823] 532
[8236, 7823] 354
[6205, 7823] 382
[6686, 7823] 354
[3527, 7823] 330
[8210, 7823] 396
[16230, 7823] 430
[8643, 7823] 392
[10955, 7823] 702
[11356, 7823] 676
[12593, 7823] 656
[13107, 7823] 652
[14605, 7823] 634
[16008, 7823] 616
[12670, 7823] 624
[11407, 7823] 676
[11087, 7823] 708
[15365, 7823] 614
[13420, 7823] 624
[14140, 7823] 482
[17207, 7823] 438
[15728, 7823] 636
[13470, 7823] 328
[18089, 7823] 578
[17812, 7823] 490
[20006, 7823] 620
[18703, 7823] 506
[18458, 7823] 580
[19155, 7823] 614
[19039, 7823] 456
[20436, 7823] 526
[27386, 7823] 790
[21116, 7823] 642
[24352, 7823] 684
[23742, 7823] 682
[20848, 7823] 526
[23411, 7823] 684
[23994, 7823] 682
[27316, 7823] 874
[27411, 7823] 832
[27395, 7823] 836
[25182, 7823] 790
[25498, 7823] 862
[27364, 7823] 746
[27376, 7823] 786
[28009, 7823] 754
[28236, 7823] 780
[24027, 7823] 734
[25118, 7823] 768
[26039, 7823] 766
[28002, 7823] 756
[28229, 7823] 782
[22136, 7823] 624
[23295, 7823] 688
[24131, 7823] 656
[20079, 7823] 482
[21061, 7823] 596
[20745, 7823] 524
[20627, 7823] 534
[21300, 7823] 602
[20231, 7823] 538
[18954, 7823] 446
[19484, 7823] 464
[20156, 7823] 530
[21241, 7823] 586
[28378, 7823] 894
[28619, 7823] 858
[32792, 7823] 1000
[33414, 7823] 1138
[30162, 7823] 1104
[28748, 7823] 918
[32062, 7823] 1118
[30155, 7823] 1106
[30329, 7823] 996
[30892, 7823] 916
[32020, 7823] 1018
[31998, 7823] 970
[32202, 7823] 1114
[25351, 7823] 906
[26326, 7823] 992
[27443, 7823] 980
[32562, 7823] 1402
[32746, 7823] 1426
[4626, 6679] 142
[7671, 6679] 108
[1592, 6679] 338
[1813, 6679] 300
[10688, 6679] 508
[10129, 6679] 512
[10367, 6679] 484
[8169, 6679] 420
[10635, 6679] 564
[10417, 6679] 560
[8236, 6679] 382
[6205, 6679] 398
[6686, 6679] 370
[3527, 6679] 346
[8210, 6679] 424
[16230, 6679] 458
[8643, 6679] 420
[10955, 6679] 730
[11356, 6679] 704
[12593, 6679] 684
[13107, 6679] 680
[14605, 6679] 662
[16008, 6679] 644
[12670, 6679] 652
[11407, 6679] 704
[11087, 6679] 736
[15365, 6679] 642
[13420, 6679] 652
[14140, 6679] 510
[17207, 6679] 466
[15728, 6679] 664
[13470, 6679] 356
[18089, 6679] 606
[17812, 6679] 518
[20006, 6679] 648
[18703, 6679] 534
[18458, 6679] 608
[19155, 6679] 642
[19039, 6679] 484
[20436, 6679] 554
[27386, 6679] 818
[21116, 6679] 670
[24352, 6679] 712
[23742, 6679] 710
[20848, 6679] 554
[23411, 6679] 712
[23994, 6679] 710
[27316, 6679] 902
[27411, 6679] 860
[27395, 6679] 864
[25182, 6679] 818
[25498, 6679] 890
[27364, 6679] 774
[27376, 6679] 814
[28009, 6679] 782
[28236, 6679] 808
[24027, 6679] 762
[25118, 6679] 796
[26039, 6679] 794
[28002, 6679] 784
[28229, 6679] 810
[22136, 6679] 652
[23295, 6679] 716
[24131, 6679] 684
[20079, 6679] 510
[21061, 6679] 624
[20745, 6679] 552
[20627, 6679] 562
[21300, 6679] 630
[20231, 6679] 566
[18954, 6679] 474
[19484, 6679] 492
[20156, 6679] 558
[21241, 6679] 614
[28378, 6679] 922
[28619, 6679] 886
[32792, 6679] 1028
[33414, 6679] 1166
[30162, 6679] 1132
[28748, 6679] 946
[32062, 6679] 1146
[30155, 6679] 1134
[30329, 6679] 1024
[30892, 6679] 944
[32020, 6679] 1046
[31998, 6679] 998
[32202, 6679] 1142
[25351, 6679] 934
[26326, 6679] 1020
[27443, 6679] 1008
[32562, 6679] 1430
[32746, 6679] 1454
[7671, 4626] 106
[1592, 4626] 428
[1813, 4626] 390
[10688, 4626] 586
[10129, 4626] 590
[10367, 4626] 562
[8169, 4626] 498
[10635, 4626] 642
[10417, 4626] 638
[8236, 4626] 460
[6205, 4626] 488
[6686, 4626] 460
[3527, 4626] 436
[8210, 4626] 502
[16230, 4626] 536
[8643, 4626] 498
[10955, 4626] 808
[11356, 4626] 782
[12593, 4626] 762
[13107, 4626] 758
[14605, 4626] 740
[16008, 4626] 722
[12670, 4626] 730
[11407, 4626] 782
[11087, 4626] 814
[15365, 4626] 720
[13420, 4626] 730
[14140, 4626] 588
[17207, 4626] 544
[15728, 4626] 742
[13470, 4626] 434
[18089, 4626] 664
[17812, 4626] 596
[20006, 4626] 706
[18703, 4626] 592
[18458, 4626] 666
[19155, 4626] 704
[19039, 4626] 562
[20436, 4626] 632
[27386, 4626] 896
[21116, 4626] 748
[24352, 4626] 790
[23742, 4626] 788
[20848, 4626] 632
[23411, 4626] 790
[23994, 4626] 788
[27316, 4626] 980
[27411, 4626] 938
[27395, 4626] 942
[25182, 4626] 896
[25498, 4626] 968
[27364, 4626] 852
[27376, 4626] 892
[28009, 4626] 860
[28236, 4626] 886
[24027, 4626] 840
[25118, 4626] 874
[26039, 4626] 872
[28002, 4626] 862
[28229, 4626] 888
[22136, 4626] 730
[23295, 4626] 794
[24131, 4626] 762
[20079, 4626] 588
[21061, 4626] 702
[20745, 4626] 630
[20627, 4626] 640
[21300, 4626] 708
[20231, 4626] 644
[18954, 4626] 552
[19484, 4626] 570
[20156, 4626] 636
[21241, 4626] 692
[28378, 4626] 1000
[28619, 4626] 948
[32792, 4626] 1090
[33414, 4626] 1228
[30162, 4626] 1210
[28748, 4626] 1008
[32062, 4626] 1224
[30155, 4626] 1212
[30329, 4626] 1102
[30892, 4626] 1006
[32020, 4626] 1124
[31998, 4626] 1076
[32202, 4626] 1220
[25351, 4626] 996
[26326, 4626] 1082
[27443, 4626] 1070
[32562, 4626] 1492
[32746, 4626] 1516
[1592, 7671] 394
[1813, 7671] 356
[10688, 7671] 552
[10129, 7671] 556
[10367, 7671] 528
[8169, 7671] 464
[10635, 7671] 608
[10417, 7671] 604
[8236, 7671] 426
[6205, 7671] 454
[6686, 7671] 426
[3527, 7671] 402
[8210, 7671] 468
[16230, 7671] 502
[8643, 7671] 464
[10955, 7671] 774
[11356, 7671] 748
[12593, 7671] 728
[13107, 7671] 724
[14605, 7671] 706
[16008, 7671] 688
[12670, 7671] 696
[11407, 7671] 748
[11087, 7671] 780
[15365, 7671] 686
[13420, 7671] 696
[14140, 7671] 554
[17207, 7671] 510
[15728, 7671] 708
[13470, 7671] 400
[18089, 7671] 630
[17812, 7671] 562
[20006, 7671] 672
[18703, 7671] 558
[18458, 7671] 632
[19155, 7671] 670
[19039, 7671] 528
[20436, 7671] 598
[27386, 7671] 862
[21116, 7671] 714
[24352, 7671] 756
[23742, 7671] 754
[20848, 7671] 598
[23411, 7671] 756
[23994, 7671] 754
[27316, 7671] 946
[27411, 7671] 904
[27395, 7671] 908
[25182, 7671] 862
[25498, 7671] 934
[27364, 7671] 818
[27376, 7671] 858
[28009, 7671] 826
[28236, 7671] 852
[24027, 7671] 806
[25118, 7671] 840
[26039, 7671] 838
[28002, 7671] 828
[28229, 7671] 854
[22136, 7671] 696
[23295, 7671] 760
[24131, 7671] 728
[20079, 7671] 554
[21061, 7671] 668
[20745, 7671] 596
[20627, 7671] 606
[21300, 7671] 674
[20231, 7671] 610
[18954, 7671] 518
[19484, 7671] 536
[20156, 7671] 602
[21241, 7671] 658
[28378, 7671] 966
[28619, 7671] 914
[32792, 7671] 1056
[33414, 7671] 1194
[30162, 7671] 1176
[28748, 7671] 974
[32062, 7671] 1190
[30155, 7671] 1178
[30329, 7671] 1068
[30892, 7671] 972
[32020, 7671] 1090
[31998, 7671] 1042
[32202, 7671] 1186
[25351, 7671] 962
[26326, 7671] 1048
[27443, 7671] 1036
[32562, 7671] 1458
[32746, 7671] 1482
[1813, 1592] 54
[10688, 1592] 368
[10129, 1592] 372
[10367, 1592] 344
[8169, 1592] 256
[10635, 1592] 472
[10417, 1592] 468
[8236, 1592] 278
[6205, 1592] 178
[6686, 1592] 166
[3527, 1592] 92
[8210, 1592] 264
[16230, 1592] 462
[8643, 1592] 280
[10955, 1592] 730
[11356, 1592] 704
[12593, 1592] 684
[13107, 1592] 680
[14605, 1592] 662
[16008, 1592] 644
[12670, 1592] 652
[11407, 1592] 704
[11087, 1592] 736
[15365, 1592] 642
[13420, 1592] 652
[14140, 1592] 510
[17207, 1592] 470
[15728, 1592] 664
[13470, 1592] 612
[18089, 1592] 874
[17812, 1592] 774
[20006, 1592] 908
[18703, 1592] 794
[18458, 1592] 876
[19155, 1592] 898
[19039, 1592] 576
[20436, 1592] 810
[27386, 1592] 946
[21116, 1592] 926
[24352, 1592] 968
[23742, 1592] 966
[20848, 1592] 606
[23411, 1592] 732
[23994, 1592] 858
[27316, 1592] 1022
[27411, 1592] 980
[27395, 1592] 984
[25182, 1592] 938
[25498, 1592] 1010
[27364, 1592] 902
[27376, 1592] 942
[28009, 1592] 918
[28236, 1592] 948
[24027, 1592] 882
[25118, 1592] 916
[26039, 1592] 922
[28002, 1592] 932
[28229, 1592] 958
[22136, 1592] 772
[23295, 1592] 836
[24131, 1592] 832
[20079, 1592] 630
[21061, 1592] 764
[20745, 1592] 808
[20627, 1592] 818
[21300, 1592] 794
[20231, 1592] 822
[18954, 1592] 590
[19484, 1592] 612
[20156, 1592] 678
[21241, 1592] 734
[28378, 1592] 1042
[28619, 1592] 1142
[32792, 1592] 1268
[33414, 1592] 1406
[30162, 1592] 1252
[28748, 1592] 1122
[32062, 1592] 1266
[30155, 1592] 1254
[30329, 1592] 1144
[30892, 1592] 1120
[32020, 1592] 1166
[31998, 1592] 1118
[32202, 1592] 1262
[25351, 1592] 1190
[26326, 1592] 1276
[27443, 1592] 1264
[32562, 1592] 1686
[32746, 1592] 1710
[10688, 1813] 370
[10129, 1813] 374
[10367, 1813] 346
[8169, 1813] 258
[10635, 1813] 474
[10417, 1813] 470
[8236, 1813] 280
[6205, 1813] 180
[6686, 1813] 152
[3527, 1813] 94
[8210, 1813] 266
[16230, 1813] 464
[8643, 1813] 282
[10955, 1813] 732
[11356, 1813] 706
[12593, 1813] 686
[13107, 1813] 682
[14605, 1813] 664
[16008, 1813] 646
[12670, 1813] 654
[11407, 1813] 706
[11087, 1813] 738
[15365, 1813] 644
[13420, 1813] 654
[14140, 1813] 512
[17207, 1813] 472
[15728, 1813] 666
[13470, 1813] 596
[18089, 1813] 846
[17812, 1813] 758
[20006, 1813] 888
[18703, 1813] 774
[18458, 1813] 848
[19155, 1813] 882
[19039, 1813] 578
[20436, 1813] 794
[27386, 1813] 948
[21116, 1813] 910
[24352, 1813] 952
[23742, 1813] 950
[20848, 1813] 608
[23411, 1813] 734
[23994, 1813] 860
[27316, 1813] 1024
[27411, 1813] 982
[27395, 1813] 986
[25182, 1813] 940
[25498, 1813] 1012
[27364, 1813] 904
[27376, 1813] 944
[28009, 1813] 920
[28236, 1813] 950
[24027, 1813] 884
[25118, 1813] 918
[26039, 1813] 924
[28002, 1813] 934
[28229, 1813] 960
[22136, 1813] 774
[23295, 1813] 838
[24131, 1813] 834
[20079, 1813] 632
[21061, 1813] 766
[20745, 1813] 792
[20627, 1813] 802
[21300, 1813] 796
[20231, 1813] 806
[18954, 1813] 592
[19484, 1813] 614
[20156, 1813] 680
[21241, 1813] 736
[28378, 1813] 1044
[28619, 1813] 1126
[32792, 1813] 1268
[33414, 1813] 1406
[30162, 1813] 1254
[28748, 1813] 1124
[32062, 1813] 1268
[30155, 1813] 1256
[30329, 1813] 1146
[30892, 1813] 1122
[32020, 1813] 1168
[31998, 1813] 1120
[32202, 1813] 1264
[25351, 1813] 1174
[26326, 1813] 1260
[27443, 1813] 1248
[32562, 1813] 1670
[32746, 1813] 1694
[10129, 10688] 32
[10367, 10688] 52
[8169, 10688] 148
[10635, 10688] 148
[10417, 10688] 144
[8236, 10688] 158
[6205, 10688] 234
[6686, 10688] 242
[3527, 10688] 300
[8210, 10688] 152
[16230, 10688] 134
[8643, 10688] 128
[10955, 10688] 402
[11356, 10688] 376
[12593, 10688] 356
[13107, 10688] 352
[14605, 10688] 334
[16008, 10688] 316
[12670, 10688] 324
[11407, 10688] 376
[11087, 10688] 408
[15365, 10688] 314
[13420, 10688] 324
[14140, 10688] 182
[17207, 10688] 142
[15728, 10688] 336
[13470, 10688] 292
[18089, 10688] 654
[17812, 10688] 454
[20006, 10688] 588
[18703, 10688] 474
[18458, 10688] 628
[19155, 10688] 578
[19039, 10688] 248
[20436, 10688] 490
[27386, 10688] 618
[21116, 10688] 606
[24352, 10688] 648
[23742, 10688] 646
[20848, 10688] 278
[23411, 10688] 404
[23994, 10688] 530
[27316, 10688] 694
[27411, 10688] 652
[27395, 10688] 656
[25182, 10688] 610
[25498, 10688] 682
[27364, 10688] 574
[27376, 10688] 614
[28009, 10688] 590
[28236, 10688] 620
[24027, 10688] 554
[25118, 10688] 588
[26039, 10688] 594
[28002, 10688] 604
[28229, 10688] 630
[22136, 10688] 444
[23295, 10688] 508
[24131, 10688] 504
[20079, 10688] 302
[21061, 10688] 436
[20745, 10688] 488
[20627, 10688] 498
[21300, 10688] 466
[20231, 10688] 502
[18954, 10688] 262
[19484, 10688] 284
[20156, 10688] 350
[21241, 10688] 406
[28378, 10688] 714
[28619, 10688] 822
[32792, 10688] 940
[33414, 10688] 1078
[30162, 10688] 924
[28748, 10688] 794
[32062, 10688] 938
[30155, 10688] 926
[30329, 10688] 816
[30892, 10688] 792
[32020, 10688] 838
[31998, 10688] 790
[32202, 10688] 934
[25351, 10688] 870
[26326, 10688] 956
[27443, 10688] 944
[32562, 10688] 1366
[32746, 10688] 1390
[10367, 10129] 56
[8169, 10129] 152
[10635, 10129] 160
[10417, 10129] 156
[8236, 10129] 162
[6205, 10129] 238
[6686, 10129] 246
[3527, 10129] 304
[8210, 10129] 156
[16230, 10129] 146
[8643, 10129] 132
[10955, 10129] 414
[11356, 10129] 388
[12593, 10129] 368
[13107, 10129] 364
[14605, 10129] 346
[16008, 10129] 328
[12670, 10129] 336
[11407, 10129] 388
[11087, 10129] 420
[15365, 10129] 326
[13420, 10129] 336
[14140, 10129] 194
[17207, 10129] 154
[15728, 10129] 348
[13470, 10129] 304
[18089, 10129] 666
[17812, 10129] 466
[20006, 10129] 600
[18703, 10129] 486
[18458, 10129] 640
[19155, 10129] 590
[19039, 10129] 260
[20436, 10129] 502
[27386, 10129] 630
[21116, 10129] 618
[24352, 10129] 660
[23742, 10129] 658
[20848, 10129] 290
[23411, 10129] 416
[23994, 10129] 542
[27316, 10129] 706
[27411, 10129] 664
[27395, 10129] 668
[25182, 10129] 622
[25498, 10129] 694
[27364, 10129] 586
[27376, 10129] 626
[28009, 10129] 602
[28236, 10129] 632
[24027, 10129] 566
[25118, 10129] 600
[26039, 10129] 606
[28002, 10129] 616
[28229, 10129] 642
[22136, 10129] 456
[23295, 10129] 520
[24131, 10129] 516
[20079, 10129] 314
[21061, 10129] 448
[20745, 10129] 500
[20627, 10129] 510
[21300, 10129] 478
[20231, 10129] 514
[18954, 10129] 274
[19484, 10129] 296
[20156, 10129] 362
[21241, 10129] 418
[28378, 10129] 726
[28619, 10129] 834
[32792, 10129] 952
[33414, 10129] 1090
[30162, 10129] 936
[28748, 10129] 806
[32062, 10129] 950
[30155, 10129] 938
[30329, 10129] 828
[30892, 10129] 804
[32020, 10129] 850
[31998, 10129] 802
[32202, 10129] 946
[25351, 10129] 882
[26326, 10129] 968
[27443, 10129] 956
[32562, 10129] 1378
[32746, 10129] 1402
[8169, 10367] 124
[10635, 10367] 156
[10417, 10367] 152
[8236, 10367] 134
[6205, 10367] 210
[6686, 10367] 218
[3527, 10367] 276
[8210, 10367] 128
[16230, 10367] 146
[8643, 10367] 104
[10955, 10367] 414
[11356, 10367] 388
[12593, 10367] 368
[13107, 10367] 364
[14605, 10367] 346
[16008, 10367] 328
[12670, 10367] 336
[11407, 10367] 388
[11087, 10367] 420
[15365, 10367] 326
[13420, 10367] 336
[14140, 10367] 194
[17207, 10367] 154
[15728, 10367] 348
[13470, 10367] 304
[18089, 10367] 666
[17812, 10367] 466
[20006, 10367] 600
[18703, 10367] 486
[18458, 10367] 640
[19155, 10367] 590
[19039, 10367] 260
[20436, 10367] 502
[27386, 10367] 630
[21116, 10367] 618
[24352, 10367] 660
[23742, 10367] 658
[20848, 10367] 290
[23411, 10367] 416
[23994, 10367] 542
[27316, 10367] 706
[27411, 10367] 664
[27395, 10367] 668
[25182, 10367] 622
[25498, 10367] 694
[27364, 10367] 586
[27376, 10367] 626
[28009, 10367] 602
[28236, 10367] 632
[24027, 10367] 566
[25118, 10367] 600
[26039, 10367] 606
[28002, 10367] 616
[28229, 10367] 642
[22136, 10367] 456
[23295, 10367] 520
[24131, 10367] 516
[20079, 10367] 314
[21061, 10367] 448
[20745, 10367] 500
[20627, 10367] 510
[21300, 10367] 478
[20231, 10367] 514
[18954, 10367] 274
[19484, 10367] 296
[20156, 10367] 362
[21241, 10367] 418
[28378, 10367] 726
[28619, 10367] 834
[32792, 10367] 952
[33414, 10367] 1090
[30162, 10367] 936
[28748, 10367] 806
[32062, 10367] 950
[30155, 10367] 938
[30329, 10367] 828
[30892, 10367] 804
[32020, 10367] 850
[31998, 10367] 802
[32202, 10367] 946
[25351, 10367] 882
[26326, 10367] 968
[27443, 10367] 956
[32562, 10367] 1378
[32746, 10367] 1402
[10635, 8169] 252
[10417, 8169] 248
[8236, 8169] 70
[6205, 8169] 122
[6686, 8169] 130
[3527, 8169] 188
[8210, 8169] 32
[16230, 8169] 242
[8643, 8169] 60
[10955, 8169] 510
[11356, 8169] 484
[12593, 8169] 464
[13107, 8169] 460
[14605, 8169] 442
[16008, 8169] 424
[12670, 8169] 432
[11407, 8169] 484
[11087, 8169] 516
[15365, 8169] 422
[13420, 8169] 432
[14140, 8169] 290
[17207, 8169] 250
[15728, 8169] 444
[13470, 8169] 400
[18089, 8169] 666
[17812, 8169] 562
[20006, 8169] 696
[18703, 8169] 582
[18458, 8169] 668
[19155, 8169] 686
[19039, 8169] 356
[20436, 8169] 598
[27386, 8169] 726
[21116, 8169] 714
[24352, 8169] 756
[23742, 8169] 754
[20848, 8169] 386
[23411, 8169] 512
[23994, 8169] 638
[27316, 8169] 802
[27411, 8169] 760
[27395, 8169] 764
[25182, 8169] 718
[25498, 8169] 790
[27364, 8169] 682
[27376, 8169] 722
[28009, 8169] 698
[28236, 8169] 728
[24027, 8169] 662
[25118, 8169] 696
[26039, 8169] 702
[28002, 8169] 712
[28229, 8169] 738
[22136, 8169] 552
[23295, 8169] 616
[24131, 8169] 612
[20079, 8169] 410
[21061, 8169] 544
[20745, 8169] 596
[20627, 8169] 606
[21300, 8169] 574
[20231, 8169] 610
[18954, 8169] 370
[19484, 8169] 392
[20156, 8169] 458
[21241, 8169] 514
[28378, 8169] 822
[28619, 8169] 930
[32792, 8169] 1048
[33414, 8169] 1186
[30162, 8169] 1032
[28748, 8169] 902
[32062, 8169] 1046
[30155, 8169] 1034
[30329, 8169] 924
[30892, 8169] 900
[32020, 8169] 946
[31998, 8169] 898
[32202, 8169] 1042
[25351, 8169] 978
[26326, 8169] 1064
[27443, 8169] 1052
[32562, 8169] 1474
[32746, 8169] 1498
[10417, 10635] 36
[8236, 10635] 262
[6205, 10635] 338
[6686, 10635] 346
[3527, 10635] 404
[8210, 10635] 256
[16230, 10635] 170
[8643, 10635] 232
[10955, 10635] 438
[11356, 10635] 412
[12593, 10635] 392
[13107, 10635] 388
[14605, 10635] 370
[16008, 10635] 352
[12670, 10635] 360
[11407, 10635] 412
[11087, 10635] 444
[15365, 10635] 350
[13420, 10635] 360
[14140, 10635] 218
[17207, 10635] 178
[15728, 10635] 372
[13470, 10635] 328
[18089, 10635] 690
[17812, 10635] 490
[20006, 10635] 624
[18703, 10635] 510
[18458, 10635] 664
[19155, 10635] 614
[19039, 10635] 284
[20436, 10635] 526
[27386, 10635] 654
[21116, 10635] 642
[24352, 10635] 684
[23742, 10635] 682
[20848, 10635] 314
[23411, 10635] 440
[23994, 10635] 566
[27316, 10635] 730
[27411, 10635] 688
[27395, 10635] 692
[25182, 10635] 646
[25498, 10635] 718
[27364, 10635] 610
[27376, 10635] 650
[28009, 10635] 626
[28236, 10635] 656
[24027, 10635] 590
[25118, 10635] 624
[26039, 10635] 630
[28002, 10635] 640
[28229, 10635] 666
[22136, 10635] 480
[23295, 10635] 544
[24131, 10635] 540
[20079, 10635] 338
[21061, 10635] 472
[20745, 10635] 524
[20627, 10635] 534
[21300, 10635] 502
[20231, 10635] 538
[18954, 10635] 298
[19484, 10635] 320
[20156, 10635] 386
[21241, 10635] 442
[28378, 10635] 750
[28619, 10635] 858
[32792, 10635] 976
[33414, 10635] 1114
[30162, 10635] 960
[28748, 10635] 830
[32062, 10635] 974
[30155, 10635] 962
[30329, 10635] 852
[30892, 10635] 828
[32020, 10635] 874
[31998, 10635] 826
[32202, 10635] 970
[25351, 10635] 906
[26326, 10635] 992
[27443, 10635] 980
[32562, 10635] 1402
[32746, 10635] 1426
[8236, 10417] 258
[6205, 10417] 334
[6686, 10417] 342
[3527, 10417] 400
[8210, 10417] 252
[16230, 10417] 166
[8643, 10417] 228
[10955, 10417] 434
[11356, 10417] 408
[12593, 10417] 388
[13107, 10417] 384
[14605, 10417] 366
[16008, 10417] 348
[12670, 10417] 356
[11407, 10417] 408
[11087, 10417] 440
[15365, 10417] 346
[13420, 10417] 356
[14140, 10417] 214
[17207, 10417] 174
[15728, 10417] 368
[13470, 10417] 324
[18089, 10417] 686
[17812, 10417] 486
[20006, 10417] 620
[18703, 10417] 506
[18458, 10417] 660
[19155, 10417] 610
[19039, 10417] 280
[20436, 10417] 522
[27386, 10417] 650
[21116, 10417] 638
[24352, 10417] 680
[23742, 10417] 678
[20848, 10417] 310
[23411, 10417] 436
[23994, 10417] 562
[27316, 10417] 726
[27411, 10417] 684
[27395, 10417] 688
[25182, 10417] 642
[25498, 10417] 714
[27364, 10417] 606
[27376, 10417] 646
[28009, 10417] 622
[28236, 10417] 652
[24027, 10417] 586
[25118, 10417] 620
[26039, 10417] 626
[28002, 10417] 636
[28229, 10417] 662
[22136, 10417] 476
[23295, 10417] 540
[24131, 10417] 536
[20079, 10417] 334
[21061, 10417] 468
[20745, 10417] 520
[20627, 10417] 530
[21300, 10417] 498
[20231, 10417] 534
[18954, 10417] 294
[19484, 10417] 316
[20156, 10417] 382
[21241, 10417] 438
[28378, 10417] 746
[28619, 10417] 854
[32792, 10417] 972
[33414, 10417] 1110
[30162, 10417] 956
[28748, 10417] 826
[32062, 10417] 970
[30155, 10417] 958
[30329, 10417] 848
[30892, 10417] 824
[32020, 10417] 870
[31998, 10417] 822
[32202, 10417] 966
[25351, 10417] 902
[26326, 10417] 988
[27443, 10417] 976
[32562, 10417] 1398
[32746, 10417] 1422
[6205, 8236] 144
[6686, 8236] 152
[3527, 8236] 210
[8210, 8236] 74
[16230, 8236] 252
[8643, 8236] 70
[10955, 8236] 520
[11356, 8236] 494
[12593, 8236] 474
[13107, 8236] 470
[14605, 8236] 452
[16008, 8236] 434
[12670, 8236] 442
[11407, 8236] 494
[11087, 8236] 526
[15365, 8236] 432
[13420, 8236] 442
[14140, 8236] 300
[17207, 8236] 260
[15728, 8236] 454
[13470, 8236] 366
[18089, 8236] 628
[17812, 8236] 528
[20006, 8236] 662
[18703, 8236] 548
[18458, 8236] 630
[19155, 8236] 652
[19039, 8236] 366
[20436, 8236] 564
[27386, 8236] 736
[21116, 8236] 680
[24352, 8236] 722
[23742, 8236] 720
[20848, 8236] 396
[23411, 8236] 522
[23994, 8236] 648
[27316, 8236] 812
[27411, 8236] 770
[27395, 8236] 774
[25182, 8236] 728
[25498, 8236] 800
[27364, 8236] 692
[27376, 8236] 732
[28009, 8236] 708
[28236, 8236] 738
[24027, 8236] 672
[25118, 8236] 706
[26039, 8236] 712
[28002, 8236] 722
[28229, 8236] 748
[22136, 8236] 562
[23295, 8236] 626
[24131, 8236] 622
[20079, 8236] 420
[21061, 8236] 554
[20745, 8236] 562
[20627, 8236] 572
[21300, 8236] 584
[20231, 8236] 576
[18954, 8236] 380
[19484, 8236] 402
[20156, 8236] 468
[21241, 8236] 524
[28378, 8236] 832
[28619, 8236] 896
[32792, 8236] 1038
[33414, 8236] 1176
[30162, 8236] 1042
[28748, 8236] 912
[32062, 8236] 1056
[30155, 8236] 1044
[30329, 8236] 934
[30892, 8236] 910
[32020, 8236] 956
[31998, 8236] 908
[32202, 8236] 1052
[25351, 8236] 944
[26326, 8236] 1030
[27443, 8236] 1018
[32562, 8236] 1440
[32746, 8236] 1464
[6686, 6205] 52
[3527, 6205] 110
[8210, 6205] 130
[16230, 6205] 328
[8643, 6205] 146
[10955, 6205] 596
[11356, 6205] 570
[12593, 6205] 550
[13107, 6205] 546
[14605, 6205] 528
[16008, 6205] 510
[12670, 6205] 518
[11407, 6205] 570
[11087, 6205] 602
[15365, 6205] 508
[13420, 6205] 518
[14140, 6205] 376
[17207, 6205] 336
[15728, 6205] 530
[13470, 6205] 478
[18089, 6205] 740
[17812, 6205] 640
[20006, 6205] 774
[18703, 6205] 660
[18458, 6205] 742
[19155, 6205] 764
[19039, 6205] 442
[20436, 6205] 676
[27386, 6205] 812
[21116, 6205] 792
[24352, 6205] 834
[23742, 6205] 832
[20848, 6205] 472
[23411, 6205] 598
[23994, 6205] 724
[27316, 6205] 888
[27411, 6205] 846
[27395, 6205] 850
[25182, 6205] 804
[25498, 6205] 876
[27364, 6205] 768
[27376, 6205] 808
[28009, 6205] 784
[28236, 6205] 814
[24027, 6205] 748
[25118, 6205] 782
[26039, 6205] 788
[28002, 6205] 798
[28229, 6205] 824
[22136, 6205] 638
[23295, 6205] 702
[24131, 6205] 698
[20079, 6205] 496
[21061, 6205] 630
[20745, 6205] 674
[20627, 6205] 684
[21300, 6205] 660
[20231, 6205] 688
[18954, 6205] 456
[19484, 6205] 478
[20156, 6205] 544
[21241, 6205] 600
[28378, 6205] 908
[28619, 6205] 1008
[32792, 6205] 1134
[33414, 6205] 1272
[30162, 6205] 1118
[28748, 6205] 988
[32062, 6205] 1132
[30155, 6205] 1120
[30329, 6205] 1010
[30892, 6205] 986
[32020, 6205] 1032
[31998, 6205] 984
[32202, 6205] 1128
[25351, 6205] 1056
[26326, 6205] 1142
[27443, 6205] 1130
[32562, 6205] 1552
[32746, 6205] 1576
[3527, 6686] 98
[8210, 6686] 138
[16230, 6686] 336
[8643, 6686] 154
[10955, 6686] 604
[11356, 6686] 578
[12593, 6686] 558
[13107, 6686] 554
[14605, 6686] 536
[16008, 6686] 518
[12670, 6686] 526
[11407, 6686] 578
[11087, 6686] 610
[15365, 6686] 516
[13420, 6686] 526
[14140, 6686] 384
[17207, 6686] 344
[15728, 6686] 538
[13470, 6686] 486
[18089, 6686] 748
[17812, 6686] 648
[20006, 6686] 782
[18703, 6686] 668
[18458, 6686] 750
[19155, 6686] 772
[19039, 6686] 450
[20436, 6686] 684
[27386, 6686] 820
[21116, 6686] 800
[24352, 6686] 842
[23742, 6686] 840
[20848, 6686] 480
[23411, 6686] 606
[23994, 6686] 732
[27316, 6686] 896
[27411, 6686] 854
[27395, 6686] 858
[25182, 6686] 812
[25498, 6686] 884
[27364, 6686] 776
[27376, 6686] 816
[28009, 6686] 792
[28236, 6686] 822
[24027, 6686] 756
[25118, 6686] 790
[26039, 6686] 796
[28002, 6686] 806
[28229, 6686] 832
[22136, 6686] 646
[23295, 6686] 710
[24131, 6686] 706
[20079, 6686] 504
[21061, 6686] 638
[20745, 6686] 682
[20627, 6686] 692
[21300, 6686] 668
[20231, 6686] 696
[18954, 6686] 464
[19484, 6686] 486
[20156, 6686] 552
[21241, 6686] 608
[28378, 6686] 916
[28619, 6686] 1016
[32792, 6686] 1142
[33414, 6686] 1280
[30162, 6686] 1126
[28748, 6686] 996
[32062, 6686] 1140
[30155, 6686] 1128
[30329, 6686] 1018
[30892, 6686] 994
[32020, 6686] 1040
[31998, 6686] 992
[32202, 6686] 1136
[25351, 6686] 1064
[26326, 6686] 1150
[27443, 6686] 1138
[32562, 6686] 1560
[32746, 6686] 1584
[8210, 3527] 196
[16230, 3527] 394
[8643, 3527] 212
[10955, 3527] 662
[11356, 3527] 636
[12593, 3527] 616
[13107, 3527] 612
[14605, 3527] 594
[16008, 3527] 576
[12670, 3527] 584
[11407, 3527] 636
[11087, 3527] 668
[15365, 3527] 574
[13420, 3527] 584
[14140, 3527] 442
[17207, 3527] 402
[15728, 3527] 596
[13470, 3527] 544
[18089, 3527] 806
[17812, 3527] 706
[20006, 3527] 840
[18703, 3527] 726
[18458, 3527] 808
[19155, 3527] 830
[19039, 3527] 508
[20436, 3527] 742
[27386, 3527] 878
[21116, 3527] 858
[24352, 3527] 900
[23742, 3527] 898
[20848, 3527] 538
[23411, 3527] 664
[23994, 3527] 790
[27316, 3527] 954
[27411, 3527] 912
[27395, 3527] 916
[25182, 3527] 870
[25498, 3527] 942
[27364, 3527] 834
[27376, 3527] 874
[28009, 3527] 850
[28236, 3527] 880
[24027, 3527] 814
[25118, 3527] 848
[26039, 3527] 854
[28002, 3527] 864
[28229, 3527] 890
[22136, 3527] 704
[23295, 3527] 768
[24131, 3527] 764
[20079, 3527] 562
[21061, 3527] 696
[20745, 3527] 740
[20627, 3527] 750
[21300, 3527] 726
[20231, 3527] 754
[18954, 3527] 522
[19484, 3527] 544
[20156, 3527] 610
[21241, 3527] 666
[28378, 3527] 974
[28619, 3527] 1074
[32792, 3527] 1200
[33414, 3527] 1338
[30162, 3527] 1184
[28748, 3527] 1054
[32062, 3527] 1198
[30155, 3527] 1186
[30329, 3527] 1076
[30892, 3527] 1052
[32020, 3527] 1098
[31998, 3527] 1050
[32202, 3527] 1194
[25351, 3527] 1122
[26326, 3527] 1208
[27443, 3527] 1196
[32562, 3527] 1618
[32746, 3527] 1642
[16230, 8210] 246
[8643, 8210] 64
[10955, 8210] 514
[11356, 8210] 488
[12593, 8210] 468
[13107, 8210] 464
[14605, 8210] 446
[16008, 8210] 428
[12670, 8210] 436
[11407, 8210] 488
[11087, 8210] 520
[15365, 8210] 426
[13420, 8210] 436
[14140, 8210] 294
[17207, 8210] 254
[15728, 8210] 448
[13470, 8210] 404
[18089, 8210] 670
[17812, 8210] 566
[20006, 8210] 700
[18703, 8210] 586
[18458, 8210] 672
[19155, 8210] 690
[19039, 8210] 360
[20436, 8210] 602
[27386, 8210] 730
[21116, 8210] 718
[24352, 8210] 760
[23742, 8210] 758
[20848, 8210] 390
[23411, 8210] 516
[23994, 8210] 642
[27316, 8210] 806
[27411, 8210] 764
[27395, 8210] 768
[25182, 8210] 722
[25498, 8210] 794
[27364, 8210] 686
[27376, 8210] 726
[28009, 8210] 702
[28236, 8210] 732
[24027, 8210] 666
[25118, 8210] 700
[26039, 8210] 706
[28002, 8210] 716
[28229, 8210] 742
[22136, 8210] 556
[23295, 8210] 620
[24131, 8210] 616
[20079, 8210] 414
[21061, 8210] 548
[20745, 8210] 600
[20627, 8210] 610
[21300, 8210] 578
[20231, 8210] 614
[18954, 8210] 374
[19484, 8210] 396
[20156, 8210] 462
[21241, 8210] 518
[28378, 8210] 826
[28619, 8210] 934
[32792, 8210] 1052
[33414, 8210] 1190
[30162, 8210] 1036
[28748, 8210] 906
[32062, 8210] 1050
[30155, 8210] 1038
[30329, 8210] 928
[30892, 8210] 904
[32020, 8210] 950
[31998, 8210] 902
[32202, 8210] 1046
[25351, 8210] 982
[26326, 8210] 1068
[27443, 8210] 1056
[32562, 8210] 1478
[32746, 8210] 1502
[8643, 16230] 222
[10955, 16230] 316
[11356, 16230] 290
[12593, 16230] 270
[13107, 16230] 266
[14605, 16230] 248
[16008, 16230] 230
[12670, 16230] 238
[11407, 16230] 290
[11087, 16230] 322
[15365, 16230] 228
[13420, 16230] 238
[14140, 16230] 96
[17207, 16230] 32
[15728, 16230] 250
[13470, 16230] 194
[18089, 16230] 548
[17812, 16230] 348
[20006, 16230] 482
[18703, 16230] 368
[18458, 16230] 522
[19155, 16230] 472
[19039, 16230] 142
[20436, 16230] 384
[27386, 16230] 512
[21116, 16230] 500
[24352, 16230] 542
[23742, 16230] 540
[20848, 16230] 172
[23411, 16230] 298
[23994, 16230] 424
[27316, 16230] 588
[27411, 16230] 546
[27395, 16230] 550
[25182, 16230] 504
[25498, 16230] 576
[27364, 16230] 468
[27376, 16230] 508
[28009, 16230] 484
[28236, 16230] 514
[24027, 16230] 448
[25118, 16230] 482
[26039, 16230] 488
[28002, 16230] 498
[28229, 16230] 524
[22136, 16230] 338
[23295, 16230] 402
[24131, 16230] 398
[20079, 16230] 196
[21061, 16230] 330
[20745, 16230] 382
[20627, 16230] 392
[21300, 16230] 360
[20231, 16230] 396
[18954, 16230] 156
[19484, 16230] 178
[20156, 16230] 244
[21241, 16230] 300
[28378, 16230] 608
[28619, 16230] 716
[32792, 16230] 834
[33414, 16230] 972
[30162, 16230] 818
[28748, 16230] 688
[32062, 16230] 832
[30155, 16230] 820
[30329, 16230] 710
[30892, 16230] 686
[32020, 16230] 732
[31998, 16230] 684
[32202, 16230] 828
[25351, 16230] 764
[26326, 16230] 850
[27443, 16230] 838
[32562, 16230] 1260
[32746, 16230] 1284
[10955, 8643] 490
[11356, 8643] 464
[12593, 8643] 444
[13107, 8643] 440
[14605, 8643] 422
[16008, 8643] 404
[12670, 8643] 412
[11407, 8643] 464
[11087, 8643] 496
[15365, 8643] 402
[13420, 8643] 412
[14140, 8643] 270
[17207, 8643] 230
[15728, 8643] 424
[13470, 8643] 380
[18089, 8643] 666
[17812, 8643] 542
[20006, 8643] 676
[18703, 8643] 562
[18458, 8643] 668
[19155, 8643] 666
[19039, 8643] 336
[20436, 8643] 578
[27386, 8643] 706
[21116, 8643] 694
[24352, 8643] 736
[23742, 8643] 734
[20848, 8643] 366
[23411, 8643] 492
[23994, 8643] 618
[27316, 8643] 782
[27411, 8643] 740
[27395, 8643] 744
[25182, 8643] 698
[25498, 8643] 770
[27364, 8643] 662
[27376, 8643] 702
[28009, 8643] 678
[28236, 8643] 708
[24027, 8643] 642
[25118, 8643] 676
[26039, 8643] 682
[28002, 8643] 692
[28229, 8643] 718
[22136, 8643] 532
[23295, 8643] 596
[24131, 8643] 592
[20079, 8643] 390
[21061, 8643] 524
[20745, 8643] 576
[20627, 8643] 586
[21300, 8643] 554
[20231, 8643] 590
[18954, 8643] 350
[19484, 8643] 372
[20156, 8643] 438
[21241, 8643] 494
[28378, 8643] 802
[28619, 8643] 910
[32792, 8643] 1028
[33414, 8643] 1166
[30162, 8643] 1012
[28748, 8643] 882
[32062, 8643] 1026
[30155, 8643] 1014
[30329, 8643] 904
[30892, 8643] 880
[32020, 8643] 926
[31998, 8643] 878
[32202, 8643] 1022
[25351, 8643] 958
[26326, 8643] 1044
[27443, 8643] 1032
[32562, 8643] 1454
[32746, 8643] 1478
[11356, 10955] 74
[12593, 10955] 118
[13107, 10955] 114
[14605, 10955] 132
[16008, 10955] 130
[12670, 10955] 106
[11407, 10955] 74
[11087, 10955] 50
[15365, 10955] 128
[13420, 10955] 106
[14140, 10955] 232
[17207, 10955] 328
[15728, 10955] 134
[13470, 10955] 490
[18089, 10955] 844
[17812, 10955] 644
[20006, 10955] 778
[18703, 10955] 664
[18458, 10955] 818
[19155, 10955] 768
[19039, 10955] 438
[20436, 10955] 680
[27386, 10955] 808
[21116, 10955] 796
[24352, 10955] 838
[23742, 10955] 836
[20848, 10955] 468
[23411, 10955] 594
[23994, 10955] 720
[27316, 10955] 884
[27411, 10955] 842
[27395, 10955] 846
[25182, 10955] 800
[25498, 10955] 872
[27364, 10955] 764
[27376, 10955] 804
[28009, 10955] 780
[28236, 10955] 810
[24027, 10955] 744
[25118, 10955] 778
[26039, 10955] 784
[28002, 10955] 794
[28229, 10955] 820
[22136, 10955] 634
[23295, 10955] 698
[24131, 10955] 694
[20079, 10955] 492
[21061, 10955] 626
[20745, 10955] 678
[20627, 10955] 688
[21300, 10955] 656
[20231, 10955] 692
[18954, 10955] 452
[19484, 10955] 474
[20156, 10955] 540
[21241, 10955] 596
[28378, 10955] 904
[28619, 10955] 1012
[32792, 10955] 1130
[33414, 10955] 1268
[30162, 10955] 1114
[28748, 10955] 984
[32062, 10955] 1128
[30155, 10955] 1116
[30329, 10955] 1006
[30892, 10955] 982
[32020, 10955] 1028
[31998, 10955] 980
[32202, 10955] 1124
[25351, 10955] 1060
[26326, 10955] 1146
[27443, 10955] 1134
[32562, 10955] 1556
[32746, 10955] 1580
[12593, 11356] 88
[13107, 11356] 84
[14605, 11356] 102
[16008, 11356] 104
[12670, 11356] 80
[11407, 11356] 48
[11087, 11356] 80
[15365, 11356] 102
[13420, 11356] 80
[14140, 11356] 206
[17207, 11356] 302
[15728, 11356] 104
[13470, 11356] 464
[18089, 11356] 818
[17812, 11356] 618
[20006, 11356] 752
[18703, 11356] 638
[18458, 11356] 792
[19155, 11356] 742
[19039, 11356] 412
[20436, 11356] 654
[27386, 11356] 782
[21116, 11356] 770
[24352, 11356] 812
[23742, 11356] 810
[20848, 11356] 442
[23411, 11356] 568
[23994, 11356] 694
[27316, 11356] 858
[27411, 11356] 816
[27395, 11356] 820
[25182, 11356] 774
[25498, 11356] 846
[27364, 11356] 738
[27376, 11356] 778
[28009, 11356] 754
[28236, 11356] 784
[24027, 11356] 718
[25118, 11356] 752
[26039, 11356] 758
[28002, 11356] 768
[28229, 11356] 794
[22136, 11356] 608
[23295, 11356] 672
[24131, 11356] 668
[20079, 11356] 466
[21061, 11356] 600
[20745, 11356] 652
[20627, 11356] 662
[21300, 11356] 630
[20231, 11356] 666
[18954, 11356] 426
[19484, 11356] 448
[20156, 11356] 514
[21241, 11356] 570
[28378, 11356] 878
[28619, 11356] 986
[32792, 11356] 1104
[33414, 11356] 1242
[30162, 11356] 1088
[28748, 11356] 958
[32062, 11356] 1102
[30155, 11356] 1090
[30329, 11356] 980
[30892, 11356] 956
[32020, 11356] 1002
[31998, 11356] 954
[32202, 11356] 1098
[25351, 11356] 1034
[26326, 11356] 1120
[27443, 11356] 1108
[32562, 11356] 1530
[32746, 11356] 1554
[13107, 12593] 20
[14605, 12593] 58
[16008, 12593] 84
[12670, 12593] 60
[11407, 12593] 92
[11087, 12593] 124
[15365, 12593] 82
[13420, 12593] 60
[14140, 12593] 186
[17207, 12593] 282
[15728, 12593] 60
[13470, 12593] 444
[18089, 12593] 798
[17812, 12593] 598
[20006, 12593] 732
[18703, 12593] 618
[18458, 12593] 772
[19155, 12593] 722
[19039, 12593] 392
[20436, 12593] 634
[27386, 12593] 762
[21116, 12593] 750
[24352, 12593] 792
[23742, 12593] 790
[20848, 12593] 422
[23411, 12593] 548
[23994, 12593] 674
[27316, 12593] 838
[27411, 12593] 796
[27395, 12593] 800
[25182, 12593] 754
[25498, 12593] 826
[27364, 12593] 718
[27376, 12593] 758
[28009, 12593] 734
[28236, 12593] 764
[24027, 12593] 698
[25118, 12593] 732
[26039, 12593] 738
[28002, 12593] 748
[28229, 12593] 774
[22136, 12593] 588
[23295, 12593] 652
[24131, 12593] 648
[20079, 12593] 446
[21061, 12593] 580
[20745, 12593] 632
[20627, 12593] 642
[21300, 12593] 610
[20231, 12593] 646
[18954, 12593] 406
[19484, 12593] 428
[20156, 12593] 494
[21241, 12593] 550
[28378, 12593] 858
[28619, 12593] 966
[32792, 12593] 1084
[33414, 12593] 1222
[30162, 12593] 1068
[28748, 12593] 938
[32062, 12593] 1082
[30155, 12593] 1070
[30329, 12593] 960
[30892, 12593] 936
[32020, 12593] 982
[31998, 12593] 934
[32202, 12593] 1078
[25351, 12593] 1014
[26326, 12593] 1100
[27443, 12593] 1088
[32562, 12593] 1510
[32746, 12593] 1534
[14605, 13107] 54
[16008, 13107] 80
[12670, 13107] 56
[11407, 13107] 88
[11087, 13107] 120
[15365, 13107] 78
[13420, 13107] 56
[14140, 13107] 182
[17207, 13107] 278
[15728, 13107] 56
[13470, 13107] 440
[18089, 13107] 794
[17812, 13107] 594
[20006, 13107] 728
[18703, 13107] 614
[18458, 13107] 768
[19155, 13107] 718
[19039, 13107] 388
[20436, 13107] 630
[27386, 13107] 758
[21116, 13107] 746
[24352, 13107] 788
[23742, 13107] 786
[20848, 13107] 418
[23411, 13107] 544
[23994, 13107] 670
[27316, 13107] 834
[27411, 13107] 792
[27395, 13107] 796
[25182, 13107] 750
[25498, 13107] 822
[27364, 13107] 714
[27376, 13107] 754
[28009, 13107] 730
[28236, 13107] 760
[24027, 13107] 694
[25118, 13107] 728
[26039, 13107] 734
[28002, 13107] 744
[28229, 13107] 770
[22136, 13107] 584
[23295, 13107] 648
[24131, 13107] 644
[20079, 13107] 442
[21061, 13107] 576
[20745, 13107] 628
[20627, 13107] 638
[21300, 13107] 606
[20231, 13107] 642
[18954, 13107] 402
[19484, 13107] 424
[20156, 13107] 490
[21241, 13107] 546
[28378, 13107] 854
[28619, 13107] 962
[32792, 13107] 1080
[33414, 13107] 1218
[30162, 13107] 1064
[28748, 13107] 934
[32062, 13107] 1078
[30155, 13107] 1066
[30329, 13107] 956
[30892, 13107] 932
[32020, 13107] 978
[31998, 13107] 930
[32202, 13107] 1074
[25351, 13107] 1010
[26326, 13107] 1096
[27443, 13107] 1084
[32562, 13107] 1506
[32746, 13107] 1530
[16008, 14605] 58
[12670, 14605] 74
[11407, 14605] 106
[11087, 14605] 138
[15365, 14605] 56
[13420, 14605] 74
[14140, 14605] 164
[17207, 14605] 260
[15728, 14605] 18
[13470, 14605] 422
[18089, 14605] 776
[17812, 14605] 576
[20006, 14605] 710
[18703, 14605] 596
[18458, 14605] 750
[19155, 14605] 700
[19039, 14605] 370
[20436, 14605] 612
[27386, 14605] 740
[21116, 14605] 728
[24352, 14605] 770
[23742, 14605] 768
[20848, 14605] 400
[23411, 14605] 526
[23994, 14605] 652
[27316, 14605] 816
[27411, 14605] 774
[27395, 14605] 778
[25182, 14605] 732
[25498, 14605] 804
[27364, 14605] 696
[27376, 14605] 736
[28009, 14605] 712
[28236, 14605] 742
[24027, 14605] 676
[25118, 14605] 710
[26039, 14605] 716
[28002, 14605] 726
[28229, 14605] 752
[22136, 14605] 566
[23295, 14605] 630
[24131, 14605] 626
[20079, 14605] 424
[21061, 14605] 558
[20745, 14605] 610
[20627, 14605] 620
[21300, 14605] 588
[20231, 14605] 624
[18954, 14605] 384
[19484, 14605] 406
[20156, 14605] 472
[21241, 14605] 528
[28378, 14605] 836
[28619, 14605] 944
[32792, 14605] 1062
[33414, 14605] 1200
[30162, 14605] 1046
[28748, 14605] 916
[32062, 14605] 1060
[30155, 14605] 1048
[30329, 14605] 938
[30892, 14605] 914
[32020, 14605] 960
[31998, 14605] 912
[32202, 14605] 1056
[25351, 14605] 992
[26326, 14605] 1078
[27443, 14605] 1066
[32562, 14605] 1488
[32746, 14605] 1512
[12670, 16008] 56
[11407, 16008] 104
[11087, 16008] 136
[15365, 16008] 14
[13420, 16008] 56
[14140, 16008] 146
[17207, 16008] 242
[15728, 16008] 52
[13470, 16008] 404
[18089, 16008] 758
[17812, 16008] 558
[20006, 16008] 692
[18703, 16008] 578
[18458, 16008] 732
[19155, 16008] 682
[19039, 16008] 352
[20436, 16008] 594
[27386, 16008] 722
[21116, 16008] 710
[24352, 16008] 752
[23742, 16008] 750
[20848, 16008] 382
[23411, 16008] 508
[23994, 16008] 634
[27316, 16008] 798
[27411, 16008] 756
[27395, 16008] 760
[25182, 16008] 714
[25498, 16008] 786
[27364, 16008] 678
[27376, 16008] 718
[28009, 16008] 694
[28236, 16008] 724
[24027, 16008] 658
[25118, 16008] 692
[26039, 16008] 698
[28002, 16008] 708
[28229, 16008] 734
[22136, 16008] 548
[23295, 16008] 612
[24131, 16008] 608
[20079, 16008] 406
[21061, 16008] 540
[20745, 16008] 592
[20627, 16008] 602
[21300, 16008] 570
[20231, 16008] 606
[18954, 16008] 366
[19484, 16008] 388
[20156, 16008] 454
[21241, 16008] 510
[28378, 16008] 818
[28619, 16008] 926
[32792, 16008] 1044
[33414, 16008] 1182
[30162, 16008] 1028
[28748, 16008] 898
[32062, 16008] 1042
[30155, 16008] 1030
[30329, 16008] 920
[30892, 16008] 896
[32020, 16008] 942
[31998, 16008] 894
[32202, 16008] 1038
[25351, 16008] 974
[26326, 16008] 1060
[27443, 16008] 1048
[32562, 16008] 1470
[32746, 16008] 1494
[11407, 12670] 80
[11087, 12670] 112
[15365, 12670] 54
[13420, 12670] 20
[14140, 12670] 154
[17207, 12670] 250
[15728, 12670] 76
[13470, 12670] 412
[18089, 12670] 766
[17812, 12670] 566
[20006, 12670] 700
[18703, 12670] 586
[18458, 12670] 740
[19155, 12670] 690
[19039, 12670] 360
[20436, 12670] 602
[27386, 12670] 730
[21116, 12670] 718
[24352, 12670] 760
[23742, 12670] 758
[20848, 12670] 390
[23411, 12670] 516
[23994, 12670] 642
[27316, 12670] 806
[27411, 12670] 764
[27395, 12670] 768
[25182, 12670] 722
[25498, 12670] 794
[27364, 12670] 686
[27376, 12670] 726
[28009, 12670] 702
[28236, 12670] 732
[24027, 12670] 666
[25118, 12670] 700
[26039, 12670] 706
[28002, 12670] 716
[28229, 12670] 742
[22136, 12670] 556
[23295, 12670] 620
[24131, 12670] 616
[20079, 12670] 414
[21061, 12670] 548
[20745, 12670] 600
[20627, 12670] 610
[21300, 12670] 578
[20231, 12670] 614
[18954, 12670] 374
[19484, 12670] 396
[20156, 12670] 462
[21241, 12670] 518
[28378, 12670] 826
[28619, 12670] 934
[32792, 12670] 1052
[33414, 12670] 1190
[30162, 12670] 1036
[28748, 12670] 906
[32062, 12670] 1050
[30155, 12670] 1038
[30329, 12670] 928
[30892, 12670] 904
[32020, 12670] 950
[31998, 12670] 902
[32202, 12670] 1046
[25351, 12670] 982
[26326, 12670] 1068
[27443, 12670] 1056
[32562, 12670] 1478
[32746, 12670] 1502
[11087, 11407] 76
[15365, 11407] 102
[13420, 11407] 80
[14140, 11407] 206
[17207, 11407] 302
[15728, 11407] 108
[13470, 11407] 464
[18089, 11407] 818
[17812, 11407] 618
[20006, 11407] 752
[18703, 11407] 638
[18458, 11407] 792
[19155, 11407] 742
[19039, 11407] 412
[20436, 11407] 654
[27386, 11407] 782
[21116, 11407] 770
[24352, 11407] 812
[23742, 11407] 810
[20848, 11407] 442
[23411, 11407] 568
[23994, 11407] 694
[27316, 11407] 858
[27411, 11407] 816
[27395, 11407] 820
[25182, 11407] 774
[25498, 11407] 846
[27364, 11407] 738
[27376, 11407] 778
[28009, 11407] 754
[28236, 11407] 784
[24027, 11407] 718
[25118, 11407] 752
[26039, 11407] 758
[28002, 11407] 768
[28229, 11407] 794
[22136, 11407] 608
[23295, 11407] 672
[24131, 11407] 668
[20079, 11407] 466
[21061, 11407] 600
[20745, 11407] 652
[20627, 11407] 662
[21300, 11407] 630
[20231, 11407] 666
[18954, 11407] 426
[19484, 11407] 448
[20156, 11407] 514
[21241, 11407] 570
[28378, 11407] 878
[28619, 11407] 986
[32792, 11407] 1104
[33414, 11407] 1242
[30162, 11407] 1088
[28748, 11407] 958
[32062, 11407] 1102
[30155, 11407] 1090
[30329, 11407] 980
[30892, 11407] 956
[32020, 11407] 1002
[31998, 11407] 954
[32202, 11407] 1098
[25351, 11407] 1034
[26326, 11407] 1120
[27443, 11407] 1108
[32562, 11407] 1530
[32746, 11407] 1554
[15365, 11087] 134
[13420, 11087] 112
[14140, 11087] 238
[17207, 11087] 334
[15728, 11087] 140
[13470, 11087] 496
[18089, 11087] 850
[17812, 11087] 650
[20006, 11087] 784
[18703, 11087] 670
[18458, 11087] 824
[19155, 11087] 774
[19039, 11087] 444
[20436, 11087] 686
[27386, 11087] 814
[21116, 11087] 802
[24352, 11087] 844
[23742, 11087] 842
[20848, 11087] 474
[23411, 11087] 600
[23994, 11087] 726
[27316, 11087] 890
[27411, 11087] 848
[27395, 11087] 852
[25182, 11087] 806
[25498, 11087] 878
[27364, 11087] 770
[27376, 11087] 810
[28009, 11087] 786
[28236, 11087] 816
[24027, 11087] 750
[25118, 11087] 784
[26039, 11087] 790
[28002, 11087] 800
[28229, 11087] 826
[22136, 11087] 640
[23295, 11087] 704
[24131, 11087] 700
[20079, 11087] 498
[21061, 11087] 632
[20745, 11087] 684
[20627, 11087] 694
[21300, 11087] 662
[20231, 11087] 698
[18954, 11087] 458
[19484, 11087] 480
[20156, 11087] 546
[21241, 11087] 602
[28378, 11087] 910
[28619, 11087] 1018
[32792, 11087] 1136
[33414, 11087] 1274
[30162, 11087] 1120
[28748, 11087] 990
[32062, 11087] 1134
[30155, 11087] 1122
[30329, 11087] 1012
[30892, 11087] 988
[32020, 11087] 1034
[31998, 11087] 986
[32202, 11087] 1130
[25351, 11087] 1066
[26326, 11087] 1152
[27443, 11087] 1140
[32562, 11087] 1562
[32746, 11087] 1586
[13420, 15365] 54
[14140, 15365] 144
[17207, 15365] 240
[15728, 15365] 50
[13470, 15365] 402
[18089, 15365] 756
[17812, 15365] 556
[20006, 15365] 690
[18703, 15365] 576
[18458, 15365] 730
[19155, 15365] 680
[19039, 15365] 350
[20436, 15365] 592
[27386, 15365] 720
[21116, 15365] 708
[24352, 15365] 750
[23742, 15365] 748
[20848, 15365] 380
[23411, 15365] 506
[23994, 15365] 632
[27316, 15365] 796
[27411, 15365] 754
[27395, 15365] 758
[25182, 15365] 712
[25498, 15365] 784
[27364, 15365] 676
[27376, 15365] 716
[28009, 15365] 692
[28236, 15365] 722
[24027, 15365] 656
[25118, 15365] 690
[26039, 15365] 696
[28002, 15365] 706
[28229, 15365] 732
[22136, 15365] 546
[23295, 15365] 610
[24131, 15365] 606
[20079, 15365] 404
[21061, 15365] 538
[20745, 15365] 590
[20627, 15365] 600
[21300, 15365] 568
[20231, 15365] 604
[18954, 15365] 364
[19484, 15365] 386
[20156, 15365] 452
[21241, 15365] 508
[28378, 15365] 816
[28619, 15365] 924
[32792, 15365] 1042
[33414, 15365] 1180
[30162, 15365] 1026
[28748, 15365] 896
[32062, 15365] 1040
[30155, 15365] 1028
[30329, 15365] 918
[30892, 15365] 894
[32020, 15365] 940
[31998, 15365] 892
[32202, 15365] 1036
[25351, 15365] 972
[26326, 15365] 1058
[27443, 15365] 1046
[32562, 15365] 1468
[32746, 15365] 1492
[14140, 13420] 154
[17207, 13420] 250
[15728, 13420] 76
[13470, 13420] 412
[18089, 13420] 766
[17812, 13420] 566
[20006, 13420] 700
[18703, 13420] 586
[18458, 13420] 740
[19155, 13420] 690
[19039, 13420] 360
[20436, 13420] 602
[27386, 13420] 730
[21116, 13420] 718
[24352, 13420] 760
[23742, 13420] 758
[20848, 13420] 390
[23411, 13420] 516
[23994, 13420] 642
[27316, 13420] 806
[27411, 13420] 764
[27395, 13420] 768
[25182, 13420] 722
[25498, 13420] 794
[27364, 13420] 686
[27376, 13420] 726
[28009, 13420] 702
[28236, 13420] 732
[24027, 13420] 666
[25118, 13420] 700
[26039, 13420] 706
[28002, 13420] 716
[28229, 13420] 742
[22136, 13420] 556
[23295, 13420] 620
[24131, 13420] 616
[20079, 13420] 414
[21061, 13420] 548
[20745, 13420] 600
[20627, 13420] 610
[21300, 13420] 578
[20231, 13420] 614
[18954, 13420] 374
[19484, 13420] 396
[20156, 13420] 462
[21241, 13420] 518
[28378, 13420] 826
[28619, 13420] 934
[32792, 13420] 1052
[33414, 13420] 1190
[30162, 13420] 1036
[28748, 13420] 906
[32062, 13420] 1050
[30155, 13420] 1038
[30329, 13420] 928
[30892, 13420] 904
[32020, 13420] 950
[31998, 13420] 902
[32202, 13420] 1046
[25351, 13420] 982
[26326, 13420] 1068
[27443, 13420] 1056
[32562, 13420] 1478
[32746, 13420] 1502
[17207, 14140] 108
[15728, 14140] 166
[13470, 14140] 270
[18089, 14140] 624
[17812, 14140] 424
[20006, 14140] 558
[18703, 14140] 444
[18458, 14140] 598
[19155, 14140] 548
[19039, 14140] 218
[20436, 14140] 460
[27386, 14140] 588
[21116, 14140] 576
[24352, 14140] 618
[23742, 14140] 616
[20848, 14140] 248
[23411, 14140] 374
[23994, 14140] 500
[27316, 14140] 664
[27411, 14140] 622
[27395, 14140] 626
[25182, 14140] 580
[25498, 14140] 652
[27364, 14140] 544
[27376, 14140] 584
[28009, 14140] 560
[28236, 14140] 590
[24027, 14140] 524
[25118, 14140] 558
[26039, 14140] 564
[28002, 14140] 574
[28229, 14140] 600
[22136, 14140] 414
[23295, 14140] 478
[24131, 14140] 474
[20079, 14140] 272
[21061, 14140] 406
[20745, 14140] 458
[20627, 14140] 468
[21300, 14140] 436
[20231, 14140] 472
[18954, 14140] 232
[19484, 14140] 254
[20156, 14140] 320
[21241, 14140] 376
[28378, 14140] 684
[28619, 14140] 792
[32792, 14140] 910
[33414, 14140] 1048
[30162, 14140] 894
[28748, 14140] 764
[32062, 14140] 908
[30155, 14140] 896
[30329, 14140] 786
[30892, 14140] 762
[32020, 14140] 808
[31998, 14140] 760
[32202, 14140] 904
[25351, 14140] 840
[26326, 14140] 926
[27443, 14140] 914
[32562, 14140] 1336
[32746, 14140] 1360
[15728, 17207] 262
[13470, 17207] 202
[18089, 17207] 556
[17812, 17207] 356
[20006, 17207] 490
[18703, 17207] 376
[18458, 17207] 530
[19155, 17207] 480
[19039, 17207] 138
[20436, 17207] 392
[27386, 17207] 520
[21116, 17207] 508
[24352, 17207] 550
[23742, 17207] 548
[20848, 17207] 168
[23411, 17207] 294
[23994, 17207] 432
[27316, 17207] 596
[27411, 17207] 554
[27395, 17207] 558
[25182, 17207] 512
[25498, 17207] 584
[27364, 17207] 476
[27376, 17207] 516
[28009, 17207] 492
[28236, 17207] 522
[24027, 17207] 456
[25118, 17207] 490
[26039, 17207] 496
[28002, 17207] 506
[28229, 17207] 532
[22136, 17207] 346
[23295, 17207] 410
[24131, 17207] 406
[20079, 17207] 204
[21061, 17207] 338
[20745, 17207] 390
[20627, 17207] 400
[21300, 17207] 368
[20231, 17207] 404
[18954, 17207] 160
[19484, 17207] 186
[20156, 17207] 252
[21241, 17207] 308
[28378, 17207] 616
[28619, 17207] 724
[32792, 17207] 842
[33414, 17207] 980
[30162, 17207] 826
[28748, 17207] 696
[32062, 17207] 840
[30155, 17207] 828
[30329, 17207] 718
[30892, 17207] 694
[32020, 17207] 740
[31998, 17207] 692
[32202, 17207] 836
[25351, 17207] 772
[26326, 17207] 858
[27443, 17207] 846
[32562, 17207] 1268
[32746, 17207] 1292
[13470, 15728] 424
[18089, 15728] 778
[17812, 15728] 578
[20006, 15728] 712
[18703, 15728] 598
[18458, 15728] 752
[19155, 15728] 702
[19039, 15728] 372
[20436, 15728] 614
[27386, 15728] 742
[21116, 15728] 730
[24352, 15728] 772
[23742, 15728] 770
[20848, 15728] 402
[23411, 15728] 528
[23994, 15728] 654
[27316, 15728] 818
[27411, 15728] 776
[27395, 15728] 780
[25182, 15728] 734
[25498, 15728] 806
[27364, 15728] 698
[27376, 15728] 738
[28009, 15728] 714
[28236, 15728] 744
[24027, 15728] 678
[25118, 15728] 712
[26039, 15728] 718
[28002, 15728] 728
[28229, 15728] 754
[22136, 15728] 568
[23295, 15728] 632
[24131, 15728] 628
[20079, 15728] 426
[21061, 15728] 560
[20745, 15728] 612
[20627, 15728] 622
[21300, 15728] 590
[20231, 15728] 626
[18954, 15728] 386
[19484, 15728] 408
[20156, 15728] 474
[21241, 15728] 530
[28378, 15728] 838
[28619, 15728] 946
[32792, 15728] 1064
[33414, 15728] 1202
[30162, 15728] 1048
[28748, 15728] 918
[32062, 15728] 1062
[30155, 15728] 1050
[30329, 15728] 940
[30892, 15728] 916
[32020, 15728] 962
[31998, 15728] 914
[32202, 15728] 1058
[25351, 15728] 994
[26326, 15728] 1080
[27443, 15728] 1068
[32562, 15728] 1490
[32746, 15728] 1514
[18089, 13470] 414
[17812, 13470] 214
[20006, 13470] 348
[18703, 13470] 234
[18458, 13470] 388
[19155, 13470] 338
[19039, 13470] 216
[20436, 13470] 250
[27386, 13470] 514
[21116, 13470] 366
[24352, 13470] 408
[23742, 13470] 406
[20848, 13470] 286
[23411, 13470] 444
[23994, 13470] 406
[27316, 13470] 610
[27411, 13470] 568
[27395, 13470] 572
[25182, 13470] 526
[25498, 13470] 598
[27364, 13470] 470
[27376, 13470] 510
[28009, 13470] 478
[28236, 13470] 504
[24027, 13470] 470
[25118, 13470] 504
[26039, 13470] 490
[28002, 13470] 480
[28229, 13470] 506
[22136, 13470] 360
[23295, 13470] 424
[24131, 13470] 380
[20079, 13470] 242
[21061, 13470] 320
[20745, 13470] 248
[20627, 13470] 258
[21300, 13470] 326
[20231, 13470] 262
[18954, 13470] 206
[19484, 13470] 224
[20156, 13470] 290
[21241, 13470] 346
[28378, 13470] 630
[28619, 13470] 582
[32792, 13470] 724
[33414, 13470] 862
[30162, 13470] 840
[28748, 13470] 642
[32062, 13470] 854
[30155, 13470] 842
[30329, 13470] 732
[30892, 13470] 640
[32020, 13470] 754
[31998, 13470] 706
[32202, 13470] 850
[25351, 13470] 630
[26326, 13470] 716
[27443, 13470] 704
[32562, 13470] 1126
[32746, 13470] 1150
[17812, 18089] 256
[20006, 18089] 94
[18703, 18089] 240
[18458, 18089] 54
[19155, 18089] 128
[19039, 18089] 542
[20436, 18089] 260
[27386, 18089] 532
[21116, 18089] 204
[24352, 18089] 238
[23742, 18089] 236
[20848, 18089] 612
[23411, 18089] 798
[23994, 18089] 424
[27316, 18089] 628
[27411, 18089] 586
[27395, 18089] 590
[25182, 18089] 544
[25498, 18089] 616
[27364, 18089] 488
[27376, 18089] 528
[28009, 18089] 496
[28236, 18089] 522
[24027, 18089] 488
[25118, 18089] 522
[26039, 18089] 508
[28002, 18089] 498
[28229, 18089] 524
[22136, 18089] 378
[23295, 18089] 442
[24131, 18089] 398
[20079, 18089] 484
[21061, 18089] 338
[20745, 18089] 266
[20627, 18089] 276
[21300, 18089] 344
[20231, 18089] 280
[18954, 18089] 520
[19484, 18089] 490
[20156, 18089] 424
[21241, 18089] 376
[28378, 18089] 648
[28619, 18089] 384
[32792, 18089] 526
[33414, 18089] 664
[30162, 18089] 842
[28748, 18089] 444
[32062, 18089] 856
[30155, 18089] 844
[30329, 18089] 734
[30892, 18089] 442
[32020, 18089] 756
[31998, 18089] 708
[32202, 18089] 852
[25351, 18089] 432
[26326, 18089] 518
[27443, 18089] 506
[32562, 18089] 928
[32746, 18089] 952
[20006, 17812] 190
[18703, 17812] 76
[18458, 17812] 230
[19155, 17812] 180
[19039, 17812] 370
[20436, 17812] 92
[27386, 17812] 360
[21116, 17812] 208
[24352, 17812] 250
[23742, 17812] 248
[20848, 17812] 440
[23411, 17812] 598
[23994, 17812] 252
[27316, 17812] 456
[27411, 17812] 414
[27395, 17812] 418
[25182, 17812] 372
[25498, 17812] 444
[27364, 17812] 316
[27376, 17812] 356
[28009, 17812] 324
[28236, 17812] 350
[24027, 17812] 316
[25118, 17812] 350
[26039, 17812] 336
[28002, 17812] 326
[28229, 17812] 352
[22136, 17812] 206
[23295, 17812] 270
[24131, 17812] 226
[20079, 17812] 312
[21061, 17812] 166
[20745, 17812] 94
[20627, 17812] 104
[21300, 17812] 172
[20231, 17812] 108
[18954, 17812] 348
[19484, 17812] 318
[20156, 17812] 252
[21241, 17812] 204
[28378, 17812] 476
[28619, 17812] 424
[32792, 17812] 566
[33414, 17812] 704
[30162, 17812] 686
[28748, 17812] 484
[32062, 17812] 700
[30155, 17812] 688
[30329, 17812] 578
[30892, 17812] 482
[32020, 17812] 600
[31998, 17812] 552
[32202, 17812] 696
[25351, 17812] 472
[26326, 17812] 558
[27443, 17812] 546
[32562, 17812] 968
[32746, 17812] 992
[18703, 20006] 174
[18458, 20006] 68
[19155, 20006] 66
[19039, 20006] 476
[20436, 20006] 194
[27386, 20006] 466
[21116, 20006] 138
[24352, 20006] 172
[23742, 20006] 170
[20848, 20006] 546
[23411, 20006] 732
[23994, 20006] 358
[27316, 20006] 562
[27411, 20006] 520
[27395, 20006] 524
[25182, 20006] 478
[25498, 20006] 550
[27364, 20006] 422
[27376, 20006] 462
[28009, 20006] 430
[28236, 20006] 456
[24027, 20006] 422
[25118, 20006] 456
[26039, 20006] 442
[28002, 20006] 432
[28229, 20006] 458
[22136, 20006] 312
[23295, 20006] 376
[24131, 20006] 332
[20079, 20006] 418
[21061, 20006] 272
[20745, 20006] 200
[20627, 20006] 210
[21300, 20006] 278
[20231, 20006] 214
[18954, 20006] 454
[19484, 20006] 424
[20156, 20006] 358
[21241, 20006] 310
[28378, 20006] 582
[28619, 20006] 318
[32792, 20006] 460
[33414, 20006] 598
[30162, 20006] 776
[28748, 20006] 378
[32062, 20006] 790
[30155, 20006] 778
[30329, 20006] 668
[30892, 20006] 376
[32020, 20006] 690
[31998, 20006] 642
[32202, 20006] 786
[25351, 20006] 366
[26326, 20006] 452
[27443, 20006] 440
[32562, 20006] 862
[32746, 20006] 886
[18458, 18703] 214
[19155, 18703] 164
[19039, 18703] 386
[20436, 18703] 104
[27386, 18703] 376
[21116, 18703] 216
[24352, 18703] 250
[23742, 18703] 248
[20848, 18703] 456
[23411, 18703] 618
[23994, 18703] 268
[27316, 18703] 472
[27411, 18703] 430
[27395, 18703] 434
[25182, 18703] 388
[25498, 18703] 460
[27364, 18703] 332
[27376, 18703] 372
[28009, 18703] 340
[28236, 18703] 366
[24027, 18703] 332
[25118, 18703] 366
[26039, 18703] 352
[28002, 18703] 342
[28229, 18703] 368
[22136, 18703] 222
[23295, 18703] 286
[24131, 18703] 242
[20079, 18703] 328
[21061, 18703] 182
[20745, 18703] 110
[20627, 18703] 120
[21300, 18703] 188
[20231, 18703] 124
[18954, 18703] 364
[19484, 18703] 334
[20156, 18703] 268
[21241, 18703] 220
[28378, 18703] 492
[28619, 18703] 408
[32792, 18703] 550
[33414, 18703] 688
[30162, 18703] 702
[28748, 18703] 468
[32062, 18703] 716
[30155, 18703] 704
[30329, 18703] 594
[30892, 18703] 466
[32020, 18703] 616
[31998, 18703] 568
[32202, 18703] 712
[25351, 18703] 456
[26326, 18703] 542
[27443, 18703] 530
[32562, 18703] 952
[32746, 18703] 976
[19155, 18458] 102
[19039, 18458] 516
[20436, 18458] 234
[27386, 18458] 506
[21116, 18458] 178
[24352, 18458] 212
[23742, 18458] 210
[20848, 18458] 586
[23411, 18458] 772
[23994, 18458] 398
[27316, 18458] 602
[27411, 18458] 560
[27395, 18458] 564
[25182, 18458] 518
[25498, 18458] 590
[27364, 18458] 462
[27376, 18458] 502
[28009, 18458] 470
[28236, 18458] 496
[24027, 18458] 462
[25118, 18458] 496
[26039, 18458] 482
[28002, 18458] 472
[28229, 18458] 498
[22136, 18458] 352
[23295, 18458] 416
[24131, 18458] 372
[20079, 18458] 458
[21061, 18458] 312
[20745, 18458] 240
[20627, 18458] 250
[21300, 18458] 318
[20231, 18458] 254
[18954, 18458] 494
[19484, 18458] 464
[20156, 18458] 398
[21241, 18458] 350
[28378, 18458] 622
[28619, 18458] 358
[32792, 18458] 500
[33414, 18458] 638
[30162, 18458] 816
[28748, 18458] 418
[32062, 18458] 830
[30155, 18458] 818
[30329, 18458] 708
[30892, 18458] 416
[32020, 18458] 730
[31998, 18458] 682
[32202, 18458] 826
[25351, 18458] 406
[26326, 18458] 492
[27443, 18458] 480
[32562, 18458] 902
[32746, 18458] 926
[19039, 19155] 466
[20436, 19155] 184
[27386, 19155] 456
[21116, 19155] 128
[24352, 19155] 162
[23742, 19155] 160
[20848, 19155] 536
[23411, 19155] 722
[23994, 19155] 348
[27316, 19155] 552
[27411, 19155] 510
[27395, 19155] 514
[25182, 19155] 468
[25498, 19155] 540
[27364, 19155] 412
[27376, 19155] 452
[28009, 19155] 420
[28236, 19155] 446
[24027, 19155] 412
[25118, 19155] 446
[26039, 19155] 432
[28002, 19155] 422
[28229, 19155] 448
[22136, 19155] 302
[23295, 19155] 366
[24131, 19155] 322
[20079, 19155] 408
[21061, 19155] 262
[20745, 19155] 190
[20627, 19155] 200
[21300, 19155] 268
[20231, 19155] 204
[18954, 19155] 444
[19484, 19155] 414
[20156, 19155] 348
[21241, 19155] 300
[28378, 19155] 572
[28619, 19155] 308
[32792, 19155] 450
[33414, 19155] 588
[30162, 19155] 766
[28748, 19155] 368
[32062, 19155] 780
[30155, 19155] 768
[30329, 19155] 658
[30892, 19155] 366
[32020, 19155] 680
[31998, 19155] 632
[32202, 19155] 776
[25351, 19155] 356
[26326, 19155] 442
[27443, 19155] 430
[32562, 19155] 852
[32746, 19155] 876
[20436, 19039] 318
[27386, 19039] 402
[21116, 19039] 434
[24352, 19039] 476
[23742, 19039] 474
[20848, 19039] 86
[23411, 19039] 280
[23994, 19039] 314
[27316, 19039] 478
[27411, 19039] 436
[27395, 19039] 440
[25182, 19039] 394
[25498, 19039] 466
[27364, 19039] 358
[27376, 19039] 398
[28009, 19039] 374
[28236, 19039] 404
[24027, 19039] 338
[25118, 19039] 372
[26039, 19039] 378
[28002, 19039] 388
[28229, 19039] 414
[22136, 19039] 228
[23295, 19039] 292
[24131, 19039] 288
[20079, 19039] 86
[21061, 19039] 220
[20745, 19039] 312
[20627, 19039] 282
[21300, 19039] 250
[20231, 19039] 286
[18954, 19039] 42
[19484, 19039] 68
[20156, 19039] 134
[21241, 19039] 190
[28378, 19039] 498
[28619, 19039] 642
[32792, 19039] 724
[33414, 19039] 862
[30162, 19039] 708
[28748, 19039] 578
[32062, 19039] 722
[30155, 19039] 710
[30329, 19039] 600
[30892, 19039] 576
[32020, 19039] 622
[31998, 19039] 574
[32202, 19039] 718
[25351, 19039] 702
[26326, 19039] 788
[27443, 19039] 776
[32562, 19039] 1198
[32746, 19039] 1222
[27386, 20436] 308
[21116, 20436] 128
[24352, 20436] 170
[23742, 20436] 168
[20848, 20436] 388
[23411, 20436] 578
[23994, 20436] 200
[27316, 20436] 404
[27411, 20436] 362
[27395, 20436] 366
[25182, 20436] 320
[25498, 20436] 392
[27364, 20436] 264
[27376, 20436] 304
[28009, 20436] 272
[28236, 20436] 298
[24027, 20436] 264
[25118, 20436] 298
[26039, 20436] 284
[28002, 20436] 274
[28229, 20436] 300
[22136, 20436] 154
[23295, 20436] 218
[24131, 20436] 174
[20079, 20436] 260
[21061, 20436] 114
[20745, 20436] 26
[20627, 20436] 52
[21300, 20436] 120
[20231, 20436] 72
[18954, 20436] 296
[19484, 20436] 266
[20156, 20436] 200
[21241, 20436] 152
[28378, 20436] 424
[28619, 20436] 344
[32792, 20436] 486
[33414, 20436] 624
[30162, 20436] 634
[28748, 20436] 404
[32062, 20436] 648
[30155, 20436] 636
[30329, 20436] 526
[30892, 20436] 402
[32020, 20436] 548
[31998, 20436] 500
[32202, 20436] 644
[25351, 20436] 396
[26326, 20436] 482
[27443, 20436] 470
[32562, 20436] 892
[32746, 20436] 916
[21116, 27386] 424
[24352, 27386] 466
[23742, 27386] 464
[20848, 27386] 472
[23411, 27386] 662
[23994, 27386] 244
[27316, 27386] 144
[27411, 27386] 86
[27395, 27386] 90
[25182, 27386] 92
[25498, 27386] 144
[27364, 27386] 84
[27376, 27386] 20
[28009, 27386] 100
[28236, 27386] 130
[24027, 27386] 144
[25118, 27386] 110
[26039, 27386] 44
[28002, 27386] 114
[28229, 27386] 140
[22136, 27386] 210
[23295, 27386] 182
[24131, 27386] 218
[20079, 27386] 344
[21061, 27386] 210
[20745, 27386] 302
[20627, 27386] 272
[21300, 27386] 228
[20231, 27386] 276
[18954, 27386] 380
[19484, 27386] 350
[20156, 27386] 284
[21241, 27386] 236
[28378, 27386] 148
[28619, 27386] 368
[32792, 27386] 450
[33414, 27386] 588
[30162, 27386] 358
[28748, 27386] 304
[32062, 27386] 372
[30155, 27386] 360
[30329, 27386] 250
[30892, 27386] 302
[32020, 27386] 272
[31998, 27386] 224
[32202, 27386] 368
[25351, 27386] 692
[26326, 27386] 778
[27443, 27386] 766
[32562, 27386] 1188
[32746, 27386] 1212
[24352, 21116] 110
[23742, 21116] 108
[20848, 21116] 504
[23411, 21116] 694
[23994, 21116] 316
[27316, 21116] 520
[27411, 21116] 478
[27395, 21116] 482
[25182, 21116] 436
[25498, 21116] 508
[27364, 21116] 380
[27376, 21116] 420
[28009, 21116] 388
[28236, 21116] 414
[24027, 21116] 380
[25118, 21116] 414
[26039, 21116] 400
[28002, 21116] 390
[28229, 21116] 416
[22136, 21116] 270
[23295, 21116] 334
[24131, 21116] 290
[20079, 21116] 376
[21061, 21116] 230
[20745, 21116] 134
[20627, 21116] 168
[21300, 21116] 236
[20231, 21116] 188
[18954, 21116] 412
[19484, 21116] 382
[20156, 21116] 316
[21241, 21116] 268
[28378, 21116] 540
[28619, 21116] 284
[32792, 21116] 426
[33414, 21116] 564
[30162, 21116] 742
[28748, 21116] 344
[32062, 21116] 756
[30155, 21116] 744
[30329, 21116] 634
[30892, 21116] 342
[32020, 21116] 656
[31998, 21116] 608
[32202, 21116] 752
[25351, 21116] 332
[26326, 21116] 418
[27443, 21116] 406
[32562, 21116] 828
[32746, 21116] 852
[23742, 24352] 18
[20848, 24352] 546
[23411, 24352] 736
[23994, 24352] 358
[27316, 24352] 562
[27411, 24352] 520
[27395, 24352] 524
[25182, 24352] 478
[25498, 24352] 550
[27364, 24352] 422
[27376, 24352] 462
[28009, 24352] 410
[28236, 24352] 384
[24027, 24352] 422
[25118, 24352] 456
[26039, 24352] 442
[28002, 24352] 404
[28229, 24352] 378
[22136, 24352] 312
[23295, 24352] 376
[24131, 24352] 332
[20079, 24352] 418
[21061, 24352] 272
[20745, 24352] 176
[20627, 24352] 210
[21300, 24352] 278
[20231, 24352] 230
[18954, 24352] 454
[19484, 24352] 424
[20156, 24352] 358
[21241, 24352] 310
[28378, 24352] 518
[28619, 24352] 198
[32792, 24352] 340
[33414, 24352] 478
[30162, 24352] 656
[28748, 24352] 258
[32062, 24352] 670
[30155, 24352] 658
[30329, 24352] 548
[30892, 24352] 256
[32020, 24352] 570
[31998, 24352] 522
[32202, 24352] 666
[25351, 24352] 346
[26326, 24352] 432
[27443, 24352] 420
[32562, 24352] 842
[32746, 24352] 866
[20848, 23742] 544
[23411, 23742] 734
[23994, 23742] 356
[27316, 23742] 560
[27411, 23742] 518
[27395, 23742] 522
[25182, 23742] 476
[25498, 23742] 548
[27364, 23742] 420
[27376, 23742] 460
[28009, 23742] 412
[28236, 23742] 386
[24027, 23742] 420
[25118, 23742] 454
[26039, 23742] 440
[28002, 23742] 406
[28229, 23742] 380
[22136, 23742] 310
[23295, 23742] 374
[24131, 23742] 330
[20079, 23742] 416
[21061, 23742] 270
[20745, 23742] 174
[20627, 23742] 208
[21300, 23742] 276
[20231, 23742] 228
[18954, 23742] 452
[19484, 23742] 422
[20156, 23742] 356
[21241, 23742] 308
[28378, 23742] 520
[28619, 23742] 200
[32792, 23742] 342
[33414, 23742] 480
[30162, 23742] 658
[28748, 23742] 260
[32062, 23742] 672
[30155, 23742] 660
[30329, 23742] 550
[30892, 23742] 258
[32020, 23742] 572
[31998, 23742] 524
[32202, 23742] 668
[25351, 23742] 348
[26326, 23742] 434
[27443, 23742] 422
[32562, 23742] 844
[32746, 23742] 868
[23411, 20848] 310
[23994, 20848] 384
[27316, 20848] 548
[27411, 20848] 506
[27395, 20848] 510
[25182, 20848] 464
[25498, 20848] 536
[27364, 20848] 428
[27376, 20848] 468
[28009, 20848] 444
[28236, 20848] 474
[24027, 20848] 408
[25118, 20848] 442
[26039, 20848] 448
[28002, 20848] 458
[28229, 20848] 484
[22136, 20848] 298
[23295, 20848] 362
[24131, 20848] 358
[20079, 20848] 156
[21061, 20848] 290
[20745, 20848] 382
[20627, 20848] 352
[21300, 20848] 320
[20231, 20848] 356
[18954, 20848] 112
[19484, 20848] 138
[20156, 20848] 204
[21241, 20848] 260
[28378, 20848] 568
[28619, 20848] 712
[32792, 20848] 794
[33414, 20848] 932
[30162, 20848] 778
[28748, 20848] 648
[32062, 20848] 792
[30155, 20848] 780
[30329, 20848] 670
[30892, 20848] 646
[32020, 20848] 692
[31998, 20848] 644
[32202, 20848] 788
[25351, 20848] 772
[26326, 20848] 858
[27443, 20848] 846
[32562, 20848] 1268
[32746, 20848] 1292
[23994, 23411] 574
[27316, 23411] 738
[27411, 23411] 696
[27395, 23411] 700
[25182, 23411] 654
[25498, 23411] 726
[27364, 23411] 618
[27376, 23411] 658
[28009, 23411] 634
[28236, 23411] 664
[24027, 23411] 598
[25118, 23411] 632
[26039, 23411] 638
[28002, 23411] 648
[28229, 23411] 674
[22136, 23411] 488
[23295, 23411] 552
[24131, 23411] 548
[20079, 23411] 346
[21061, 23411] 480
[20745, 23411] 572
[20627, 23411] 542
[21300, 23411] 510
[20231, 23411] 546
[18954, 23411] 302
[19484, 23411] 328
[20156, 23411] 394
[21241, 23411] 450
[28378, 23411] 758
[28619, 23411] 902
[32792, 23411] 984
[33414, 23411] 1122
[30162, 23411] 968
[28748, 23411] 838
[32062, 23411] 982
[30155, 23411] 970
[30329, 23411] 860
[30892, 23411] 836
[32020, 23411] 882
[31998, 23411] 834
[32202, 23411] 978
[25351, 23411] 962
[26326, 23411] 1048
[27443, 23411] 1036
[32562, 23411] 1458
[32746, 23411] 1482
[27316, 23994] 340
[27411, 23994] 298
[27395, 23994] 302
[25182, 23994] 264
[25498, 23994] 328
[27364, 23994] 200
[27376, 23994] 240
[28009, 23994] 208
[28236, 23994] 234
[24027, 23994] 208
[25118, 23994] 242
[26039, 23994] 220
[28002, 23994] 210
[28229, 23994] 236
[22136, 23994] 122
[23295, 23994] 162
[24131, 23994] 74
[20079, 23994] 256
[21061, 23994] 122
[20745, 23994] 194
[20627, 23994] 164
[21300, 23994] 120
[20231, 23994] 168
[18954, 23994] 292
[19484, 23994] 262
[20156, 23994] 196
[21241, 23994] 148
[28378, 23994] 360
[28619, 23994] 464
[32792, 23994] 546
[33414, 23994] 684
[30162, 23994] 570
[28748, 23994] 400
[32062, 23994] 584
[30155, 23994] 572
[30329, 23994] 462
[30892, 23994] 398
[32020, 23994] 484
[31998, 23994] 436
[32202, 23994] 580
[25351, 23994] 584
[26326, 23994] 670
[27443, 23994] 658
[32562, 23994] 1080
[32746, 23994] 1104
[27411, 27316] 106
[27395, 27316] 114
[25182, 27316] 116
[25498, 27316] 56
[27364, 27316] 196
[27376, 27316] 148
[28009, 27316] 212
[28236, 27316] 242
[24027, 27316] 180
[25118, 27316] 146
[26039, 27316] 140
[28002, 27316] 226
[28229, 27316] 252
[22136, 27316] 282
[23295, 27316] 218
[24131, 27316] 314
[20079, 27316] 420
[21061, 27316] 306
[20745, 27316] 398
[20627, 27316] 368
[21300, 27316] 324
[20231, 27316] 372
[18954, 27316] 456
[19484, 27316] 426
[20156, 27316] 360
[21241, 27316] 312
[28378, 27316] 168
[28619, 27316] 480
[32792, 27316] 562
[33414, 27316] 700
[30162, 27316] 378
[28748, 27316] 416
[32062, 27316] 392
[30155, 27316] 380
[30329, 27316] 270
[30892, 27316] 414
[32020, 27316] 292
[31998, 27316] 244
[32202, 27316] 388
[25351, 27316] 788
[26326, 27316] 874
[27443, 27316] 862
[32562, 27316] 1284
[32746, 27316] 1308
[27395, 27411] 36
[25182, 27411] 74
[25498, 27411] 106
[27364, 27411] 138
[27376, 27411] 90
[28009, 27411] 154
[28236, 27411] 184
[24027, 27411] 138
[25118, 27411] 104
[26039, 27411] 98
[28002, 27411] 168
[28229, 27411] 194
[22136, 27411] 240
[23295, 27411] 176
[24131, 27411] 272
[20079, 27411] 378
[21061, 27411] 264
[20745, 27411] 356
[20627, 27411] 326
[21300, 27411] 282
[20231, 27411] 330
[18954, 27411] 414
[19484, 27411] 384
[20156, 27411] 318
[21241, 27411] 270
[28378, 27411] 74
[28619, 27411] 422
[32792, 27411] 504
[33414, 27411] 642
[30162, 27411] 284
[28748, 27411] 358
[32062, 27411] 298
[30155, 27411] 286
[30329, 27411] 176
[30892, 27411] 356
[32020, 27411] 198
[31998, 27411] 150
[32202, 27411] 294
[25351, 27411] 746
[26326, 27411] 832
[27443, 27411] 820
[32562, 27411] 1242
[32746, 27411] 1266
[25182, 27395] 78
[25498, 27395] 114
[27364, 27395] 142
[27376, 27395] 94
[28009, 27395] 158
[28236, 27395] 188
[24027, 27395] 142
[25118, 27395] 108
[26039, 27395] 102
[28002, 27395] 172
[28229, 27395] 198
[22136, 27395] 244
[23295, 27395] 180
[24131, 27395] 276
[20079, 27395] 382
[21061, 27395] 268
[20745, 27395] 360
[20627, 27395] 330
[21300, 27395] 286
[20231, 27395] 334
[18954, 27395] 418
[19484, 27395] 388
[20156, 27395] 322
[21241, 27395] 274
[28378, 27395] 98
[28619, 27395] 426
[32792, 27395] 508
[33414, 27395] 646
[30162, 27395] 308
[28748, 27395] 362
[32062, 27395] 322
[30155, 27395] 310
[30329, 27395] 200
[30892, 27395] 360
[32020, 27395] 222
[31998, 27395] 174
[32202, 27395] 318
[25351, 27395] 750
[26326, 27395] 836
[27443, 27395] 824
[32562, 27395] 1246
[32746, 27395] 1270
[25498, 25182] 104
[27364, 25182] 144
[27376, 25182] 96
[28009, 25182] 160
[28236, 25182] 190
[24027, 25182] 96
[25118, 25182] 62
[26039, 25182] 76
[28002, 25182] 174
[28229, 25182] 200
[22136, 25182] 198
[23295, 25182] 134
[24131, 25182] 238
[20079, 25182] 336
[21061, 25182] 222
[20745, 25182] 314
[20627, 25182] 284
[21300, 25182] 240
[20231, 25182] 288
[18954, 25182] 372
[19484, 25182] 342
[20156, 25182] 276
[21241, 25182] 228
[28378, 25182] 136
[28619, 25182] 428
[32792, 25182] 510
[33414, 25182] 648
[30162, 25182] 346
[28748, 25182] 364
[32062, 25182] 360
[30155, 25182] 348
[30329, 25182] 238
[30892, 25182] 362
[32020, 25182] 260
[31998, 25182] 212
[32202, 25182] 356
[25351, 25182] 704
[26326, 25182] 790
[27443, 25182] 778
[32562, 25182] 1200
[32746, 25182] 1224
[27364, 25498] 196
[27376, 25498] 148
[28009, 25498] 212
[28236, 25498] 242
[24027, 25498] 168
[25118, 25498] 134
[26039, 25498] 128
[28002, 25498] 226
[28229, 25498] 252
[22136, 25498] 270
[23295, 25498] 206
[24131, 25498] 302
[20079, 25498] 408
[21061, 25498] 294
[20745, 25498] 386
[20627, 25498] 356
[21300, 25498] 312
[20231, 25498] 360
[18954, 25498] 444
[19484, 25498] 414
[20156, 25498] 348
[21241, 25498] 300
[28378, 25498] 168
[28619, 25498] 480
[32792, 25498] 562
[33414, 25498] 700
[30162, 25498] 378
[28748, 25498] 416
[32062, 25498] 392
[30155, 25498] 380
[30329, 25498] 270
[30892, 25498] 414
[32020, 25498] 292
[31998, 25498] 244
[32202, 25498] 388
[25351, 25498] 776
[26326, 25498] 862
[27443, 25498] 850
[32562, 25498] 1272
[32746, 25498] 1296
[27376, 27364] 80
[28009, 27364] 40
[28236, 27364] 70
[24027, 27364] 196
[25118, 27364] 162
[26039, 27364] 88
[28002, 27364] 54
[28229, 27364] 80
[22136, 27364] 166
[23295, 27364] 206
[24131, 27364] 174
[20079, 27364] 300
[21061, 27364] 166
[20745, 27364] 258
[20627, 27364] 228
[21300, 27364] 184
[20231, 27364] 232
[18954, 27364] 336
[19484, 27364] 306
[20156, 27364] 240
[21241, 27364] 192
[28378, 27364] 200
[28619, 27364] 308
[32792, 27364] 390
[33414, 27364] 528
[30162, 27364] 406
[28748, 27364] 244
[32062, 27364] 420
[30155, 27364] 408
[30329, 27364] 298
[30892, 27364] 242
[32020, 27364] 320
[31998, 27364] 272
[32202, 27364] 416
[25351, 27364] 648
[26326, 27364] 734
[27443, 27364] 722
[32562, 27364] 1144
[32746, 27364] 1168
[28009, 27376] 96
[28236, 27376] 126
[24027, 27376] 148
[25118, 27376] 114
[26039, 27376] 44
[28002, 27376] 110
[28229, 27376] 136
[22136, 27376] 206
[23295, 27376] 186
[24131, 27376] 214
[20079, 27376] 340
[21061, 27376] 206
[20745, 27376] 298
[20627, 27376] 268
[21300, 27376] 224
[20231, 27376] 272
[18954, 27376] 376
[19484, 27376] 346
[20156, 27376] 280
[21241, 27376] 232
[28378, 27376] 152
[28619, 27376] 364
[32792, 27376] 446
[33414, 27376] 584
[30162, 27376] 362
[28748, 27376] 300
[32062, 27376] 376
[30155, 27376] 364
[30329, 27376] 254
[30892, 27376] 298
[32020, 27376] 276
[31998, 27376] 228
[32202, 27376] 372
[25351, 27376] 688
[26326, 27376] 774
[27443, 27376] 762
[32562, 27376] 1184
[32746, 27376] 1208
[28236, 28009] 46
[24027, 28009] 212
[25118, 28009] 178
[26039, 28009] 104
[28002, 28009] 30
[28229, 28009] 56
[22136, 28009] 182
[23295, 28009] 222
[24131, 28009] 182
[20079, 28009] 316
[21061, 28009] 182
[20745, 28009] 266
[20627, 28009] 236
[21300, 28009] 192
[20231, 28009] 240
[18954, 28009] 352
[19484, 28009] 322
[20156, 28009] 256
[21241, 28009] 208
[28378, 28009] 216
[28619, 28009] 284
[32792, 28009] 366
[33414, 28009] 504
[30162, 28009] 382
[28748, 28009] 220
[32062, 28009] 396
[30155, 28009] 384
[30329, 28009] 274
[30892, 28009] 218
[32020, 28009] 296
[31998, 28009] 248
[32202, 28009] 392
[25351, 28009] 656
[26326, 28009] 742
[27443, 28009] 730
[32562, 28009] 1152
[32746, 28009] 1176
[24027, 28236] 242
[25118, 28236] 208
[26039, 28236] 134
[28002, 28236] 56
[28229, 28236] 30
[22136, 28236] 212
[23295, 28236] 252
[24131, 28236] 208
[20079, 28236] 346
[21061, 28236] 212
[20745, 28236] 292
[20627, 28236] 262
[21300, 28236] 218
[20231, 28236] 266
[18954, 28236] 382
[19484, 28236] 352
[20156, 28236] 286
[21241, 28236] 238
[28378, 28236] 218
[28619, 28236] 258
[32792, 28236] 340
[33414, 28236] 478
[30162, 28236] 356
[28748, 28236] 194
[32062, 28236] 370
[30155, 28236] 358
[30329, 28236] 248
[30892, 28236] 192
[32020, 28236] 270
[31998, 28236] 222
[32202, 28236] 366
[25351, 28236] 642
[26326, 28236] 728
[27443, 28236] 716
[32562, 28236] 1138
[32746, 28236] 1162
[25118, 24027] 74
[26039, 24027] 128
[28002, 24027] 226
[28229, 24027] 252
[22136, 24027] 142
[23295, 24027] 78
[24131, 24027] 182
[20079, 24027] 280
[21061, 24027] 166
[20745, 24027] 258
[20627, 24027] 228
[21300, 24027] 184
[20231, 24027] 232
[18954, 24027] 316
[19484, 24027] 286
[20156, 24027] 220
[21241, 24027] 172
[28378, 24027] 200
[28619, 24027] 480
[32792, 24027] 562
[33414, 24027] 700
[30162, 24027] 410
[28748, 24027] 416
[32062, 24027] 424
[30155, 24027] 412
[30329, 24027] 302
[30892, 24027] 414
[32020, 24027] 324
[31998, 24027] 276
[32202, 24027] 420
[25351, 24027] 648
[26326, 24027] 734
[27443, 24027] 722
[32562, 24027] 1144
[32746, 24027] 1168
[26039, 25118] 94
[28002, 25118] 192
[28229, 25118] 218
[22136, 25118] 176
[23295, 25118] 112
[24131, 25118] 216
[20079, 25118] 314
[21061, 25118] 200
[20745, 25118] 292
[20627, 25118] 262
[21300, 25118] 218
[20231, 25118] 266
[18954, 25118] 350
[19484, 25118] 320
[20156, 25118] 254
[21241, 25118] 206
[28378, 25118] 166
[28619, 25118] 446
[32792, 25118] 528
[33414, 25118] 666
[30162, 25118] 376
[28748, 25118] 382
[32062, 25118] 390
[30155, 25118] 378
[30329, 25118] 268
[30892, 25118] 380
[32020, 25118] 290
[31998, 25118] 242
[32202, 25118] 386
[25351, 25118] 682
[26326, 25118] 768
[27443, 25118] 756
[32562, 25118] 1178
[32746, 25118] 1202
[28002, 26039] 118
[28229, 26039] 144
[22136, 26039] 186
[23295, 26039] 166
[24131, 26039] 194
[20079, 26039] 320
[21061, 26039] 186
[20745, 26039] 278
[20627, 26039] 248
[21300, 26039] 204
[20231, 26039] 252
[18954, 26039] 356
[19484, 26039] 326
[20156, 26039] 260
[21241, 26039] 212
[28378, 26039] 160
[28619, 26039] 372
[32792, 26039] 454
[33414, 26039] 592
[30162, 26039] 370
[28748, 26039] 308
[32062, 26039] 384
[30155, 26039] 372
[30329, 26039] 262
[30892, 26039] 306
[32020, 26039] 284
[31998, 26039] 236
[32202, 26039] 380
[25351, 26039] 668
[26326, 26039] 754
[27443, 26039] 742
[32562, 26039] 1164
[32746, 26039] 1188
[28229, 28002] 50
[22136, 28002] 196
[23295, 28002] 236
[24131, 28002] 184
[20079, 28002] 330
[21061, 28002] 196
[20745, 28002] 268
[20627, 28002] 238
[21300, 28002] 194
[20231, 28002] 242
[18954, 28002] 366
[19484, 28002] 336
[20156, 28002] 270
[21241, 28002] 222
[28378, 28002] 230
[28619, 28002] 278
[32792, 28002] 360
[33414, 28002] 498
[30162, 28002] 392
[28748, 28002] 214
[32062, 28002] 406
[30155, 28002] 394
[30329, 28002] 284
[30892, 28002] 212
[32020, 28002] 306
[31998, 28002] 258
[32202, 28002] 402
[25351, 28002] 658
[26326, 28002] 744
[27443, 28002] 732
[32562, 28002] 1154
[32746, 28002] 1178
[22136, 28229] 222
[23295, 28229] 262
[24131, 28229] 210
[20079, 28229] 356
[21061, 28229] 222
[20745, 28229] 294
[20627, 28229] 264
[21300, 28229] 220
[20231, 28229] 268
[18954, 28229] 392
[19484, 28229] 362
[20156, 28229] 296
[21241, 28229] 248
[28378, 28229] 228
[28619, 28229] 252
[32792, 28229] 334
[33414, 28229] 472
[30162, 28229] 366
[28748, 28229] 188
[32062, 28229] 380
[30155, 28229] 368
[30329, 28229] 258
[30892, 28229] 186
[32020, 28229] 280
[31998, 28229] 232
[32202, 28229] 376
[25351, 28229] 636
[26326, 28229] 722
[27443, 28229] 710
[32562, 28229] 1132
[32746, 28229] 1156
[23295, 22136] 96
[24131, 22136] 96
[20079, 22136] 170
[21061, 22136] 56
[20745, 22136] 148
[20627, 22136] 118
[21300, 22136] 74
[20231, 22136] 122
[18954, 22136] 206
[19484, 22136] 176
[20156, 22136] 110
[21241, 22136] 62
[28378, 22136] 302
[28619, 22136] 450
[32792, 22136] 532
[33414, 22136] 670
[30162, 22136] 512
[28748, 22136] 386
[32062, 22136] 526
[30155, 22136] 514
[30329, 22136] 404
[30892, 22136] 384
[32020, 22136] 426
[31998, 22136] 378
[32202, 22136] 522
[25351, 22136] 538
[26326, 22136] 624
[27443, 22136] 612
[32562, 22136] 1034
[32746, 22136] 1058
[24131, 23295] 136
[20079, 23295] 234
[21061, 23295] 120
[20745, 23295] 212
[20627, 23295] 182
[21300, 23295] 138
[20231, 23295] 186
[18954, 23295] 270
[19484, 23295] 240
[20156, 23295] 174
[21241, 23295] 126
[28378, 23295] 238
[28619, 23295] 490
[32792, 23295] 572
[33414, 23295] 710
[30162, 23295] 448
[28748, 23295] 426
[32062, 23295] 462
[30155, 23295] 450
[30329, 23295] 340
[30892, 23295] 424
[32020, 23295] 362
[31998, 23295] 314
[32202, 23295] 458
[25351, 23295] 602
[26326, 23295] 688
[27443, 23295] 676
[32562, 23295] 1098
[32746, 23295] 1122
[20079, 24131] 230
[21061, 24131] 96
[20745, 24131] 168
[20627, 24131] 138
[21300, 24131] 94
[20231, 24131] 142
[18954, 24131] 266
[19484, 24131] 236
[20156, 24131] 170
[21241, 24131] 122
[28378, 24131] 334
[28619, 24131] 438
[32792, 24131] 520
[33414, 24131] 658
[30162, 24131] 544
[28748, 24131] 374
[32062, 24131] 558
[30155, 24131] 546
[30329, 24131] 436
[30892, 24131] 372
[32020, 24131] 458
[31998, 24131] 410
[32202, 24131] 554
[25351, 24131] 558
[26326, 24131] 644
[27443, 24131] 632
[32562, 24131] 1054
[32746, 24131] 1078
[21061, 20079] 162
[20745, 20079] 254
[20627, 20079] 224
[21300, 20079] 192
[20231, 20079] 228
[18954, 20079] 64
[19484, 20079] 34
[20156, 20079] 76
[21241, 20079] 132
[28378, 20079] 440
[28619, 20079] 584
[32792, 20079] 666
[33414, 20079] 804
[30162, 20079] 650
[28748, 20079] 520
[32062, 20079] 664
[30155, 20079] 652
[30329, 20079] 542
[30892, 20079] 518
[32020, 20079] 564
[31998, 20079] 516
[32202, 20079] 660
[25351, 20079] 644
[26326, 20079] 730
[27443, 20079] 718
[32562, 20079] 1140
[32746, 20079] 1164
[20745, 21061] 108
[20627, 21061] 78
[21300, 21061] 58
[20231, 21061] 82
[18954, 21061] 198
[19484, 21061] 168
[20156, 21061] 102
[21241, 21061] 54
[28378, 21061] 326
[28619, 21061] 446
[32792, 21061] 532
[33414, 21061] 670
[30162, 21061] 536
[28748, 21061] 386
[32062, 21061] 550
[30155, 21061] 538
[30329, 21061] 428
[30892, 21061] 384
[32020, 21061] 450
[31998, 21061] 402
[32202, 21061] 546
[25351, 21061] 498
[26326, 21061] 584
[27443, 21061] 572
[32562, 21061] 994
[32746, 21061] 1018
[20627, 20745] 46
[21300, 20745] 114
[20231, 20745] 66
[18954, 20745] 290
[19484, 20745] 260
[20156, 20745] 194
[21241, 20745] 146
[28378, 20745] 418
[28619, 20745] 350
[32792, 20745] 492
[33414, 20745] 630
[30162, 20745] 628
[28748, 20745] 410
[32062, 20745] 642
[30155, 20745] 630
[30329, 20745] 520
[30892, 20745] 408
[32020, 20745] 542
[31998, 20745] 494
[32202, 20745] 638
[25351, 20745] 402
[26326, 20745] 488
[27443, 20745] 476
[32562, 20745] 898
[32746, 20745] 922
[21300, 20627] 84
[20231, 20627] 48
[18954, 20627] 260
[19484, 20627] 230
[20156, 20627] 164
[21241, 20627] 116
[28378, 20627] 388
[28619, 20627] 384
[32792, 20627] 526
[33414, 20627] 664
[30162, 20627] 598
[28748, 20627] 428
[32062, 20627] 612
[30155, 20627] 600
[30329, 20627] 490
[30892, 20627] 426
[32020, 20627] 512
[31998, 20627] 464
[32202, 20627] 608
[25351, 20627] 436
[26326, 20627] 522
[27443, 20627] 510
[32562, 20627] 932
[32746, 20627] 956
[20231, 21300] 88
[18954, 21300] 228
[19484, 21300] 198
[20156, 21300] 132
[21241, 21300] 84
[28378, 21300] 344
[28619, 21300] 448
[32792, 21300] 530
[33414, 21300] 668
[30162, 21300] 554
[28748, 21300] 384
[32062, 21300] 568
[30155, 21300] 556
[30329, 21300] 446
[30892, 21300] 382
[32020, 21300] 468
[31998, 21300] 420
[32202, 21300] 564
[25351, 21300] 504
[26326, 21300] 590
[27443, 21300] 578
[32562, 21300] 1000
[32746, 21300] 1024
[18954, 20231] 264
[19484, 20231] 234
[20156, 20231] 168
[21241, 20231] 120
[28378, 20231] 392
[28619, 20231] 404
[32792, 20231] 546
[33414, 20231] 684
[30162, 20231] 602
[28748, 20231] 432
[32062, 20231] 616
[30155, 20231] 604
[30329, 20231] 494
[30892, 20231] 430
[32020, 20231] 516
[31998, 20231] 468
[32202, 20231] 612
[25351, 20231] 456
[26326, 20231] 542
[27443, 20231] 530
[32562, 20231] 952
[32746, 20231] 976
[19484, 18954] 46
[20156, 18954] 112
[21241, 18954] 168
[28378, 18954] 476
[28619, 18954] 620
[32792, 18954] 702
[33414, 18954] 840
[30162, 18954] 686
[28748, 18954] 556
[32062, 18954] 700
[30155, 18954] 688
[30329, 18954] 578
[30892, 18954] 554
[32020, 18954] 600
[31998, 18954] 552
[32202, 18954] 696
[25351, 18954] 680
[26326, 18954] 766
[27443, 18954] 754
[32562, 18954] 1176
[32746, 18954] 1200
[20156, 19484] 82
[21241, 19484] 138
[28378, 19484] 446
[28619, 19484] 590
[32792, 19484] 672
[33414, 19484] 810
[30162, 19484] 656
[28748, 19484] 526
[32062, 19484] 670
[30155, 19484] 658
[30329, 19484] 548
[30892, 19484] 524
[32020, 19484] 570
[31998, 19484] 522
[32202, 19484] 666
[25351, 19484] 650
[26326, 19484] 736
[27443, 19484] 724
[32562, 19484] 1146
[32746, 19484] 1170
[21241, 20156] 72
[28378, 20156] 380
[28619, 20156] 524
[32792, 20156] 606
[33414, 20156] 744
[30162, 20156] 590
[28748, 20156] 460
[32062, 20156] 604
[30155, 20156] 592
[30329, 20156] 482
[30892, 20156] 458
[32020, 20156] 504
[31998, 20156] 456
[32202, 20156] 600
[25351, 20156] 584
[26326, 20156] 670
[27443, 20156] 658
[32562, 20156] 1080
[32746, 20156] 1104
[28378, 21241] 332
[28619, 21241] 476
[32792, 21241] 558
[33414, 21241] 696
[30162, 21241] 542
[28748, 21241] 412
[32062, 21241] 556
[30155, 21241] 544
[30329, 21241] 434
[30892, 21241] 410
[32020, 21241] 456
[31998, 21241] 408
[32202, 21241] 552
[25351, 21241] 536
[26326, 21241] 622
[27443, 21241] 610
[32562, 21241] 1032
[32746, 21241] 1056
[28619, 28378] 392
[32792, 28378] 458
[33414, 28378] 596
[30162, 28378] 226
[28748, 28378] 328
[32062, 28378] 240
[30155, 28378] 228
[30329, 28378] 118
[30892, 28378] 310
[32020, 28378] 140
[31998, 28378] 92
[32202, 28378] 236
[25351, 28378] 776
[26326, 28378] 862
[27443, 28378] 850
[32562, 28378] 1272
[32746, 28378] 1296
[32792, 28619] 202
[33414, 28619] 340
[30162, 28619] 530
[28748, 28619] 132
[32062, 28619] 544
[30155, 28619] 532
[30329, 28619] 422
[30892, 28619] 130
[32020, 28619] 444
[31998, 28619] 396
[32202, 28619] 540
[25351, 28619] 456
[26326, 28619] 542
[27443, 28619] 530
[32562, 28619] 952
[32746, 28619] 976
[33414, 32792] 190
[30162, 32792] 596
[28748, 32792] 218
[32062, 32792] 610
[30155, 32792] 598
[30329, 32792] 488
[30892, 32792] 188
[32020, 32792] 510
[31998, 32792] 462
[32202, 32792] 606
[25351, 32792] 598
[26326, 32792] 684
[27443, 32792] 672
[32562, 32792] 1094
[32746, 32792] 1118
[30162, 33414] 734
[28748, 33414] 356
[32062, 33414] 748
[30155, 33414] 736
[30329, 33414] 626
[30892, 33414] 326
[32020, 33414] 648
[31998, 33414] 600
[32202, 33414] 744
[25351, 33414] 736
[26326, 33414] 822
[27443, 33414] 810
[32562, 33414] 1232
[32746, 33414] 1256
[28748, 30162] 466
[32062, 30162] 98
[30155, 30162] 14
[30329, 30162] 172
[30892, 30162] 448
[32020, 30162] 198
[31998, 30162] 206
[32202, 30162] 94
[25351, 30162] 914
[26326, 30162] 1000
[27443, 30162] 988
[32562, 30162] 1410
[32746, 30162] 1434
[32062, 28748] 480
[30155, 28748] 468
[30329, 28748] 358
[30892, 28748] 70
[32020, 28748] 380
[31998, 28748] 332
[32202, 28748] 476
[25351, 28748] 516
[26326, 28748] 602
[27443, 28748] 590
[32562, 28748] 1012
[32746, 28748] 1036
[30155, 32062] 100
[30329, 32062] 186
[30892, 32062] 462
[32020, 32062] 176
[31998, 32062] 184
[32202, 32062] 28
[25351, 32062] 928
[26326, 32062] 1014
[27443, 32062] 1002
[32562, 32062] 1424
[32746, 32062] 1448
[30329, 30155] 174
[30892, 30155] 450
[32020, 30155] 200
[31998, 30155] 208
[32202, 30155] 96
[25351, 30155] 916
[26326, 30155] 1002
[27443, 30155] 990
[32562, 30155] 1412
[32746, 30155] 1436
[30892, 30329] 340
[32020, 30329] 90
[31998, 30329] 98
[32202, 30329] 182
[25351, 30329] 806
[26326, 30329] 892
[27443, 30329] 880
[32562, 30329] 1302
[32746, 30329] 1326
[32020, 30892] 362
[31998, 30892] 314
[32202, 30892] 458
[25351, 30892] 514
[26326, 30892] 600
[27443, 30892] 588
[32562, 30892] 1010
[32746, 30892] 1034
[31998, 32020] 72
[32202, 32020] 172
[25351, 32020] 828
[26326, 32020] 914
[27443, 32020] 902
[32562, 32020] 1324
[32746, 32020] 1348
[32202, 31998] 180
[25351, 31998] 780
[26326, 31998] 866
[27443, 31998] 854
[32562, 31998] 1276
[32746, 31998] 1300
[25351, 32202] 924
[26326, 32202] 1010
[27443, 32202] 998
[32562, 32202] 1420
[32746, 32202] 1444
[26326, 25351] 110
[27443, 25351] 98
[32562, 25351] 520
[32746, 25351] 544
[27443, 26326] 76
[32562, 26326] 474
[32746, 26326] 498
[32562, 27443] 462
[32746, 27443] 486
[32746, 32562] 56
