
0.05 0.30 +1.44267973500018e+005
0.05 0.40 +1.67897853035360e+005

0.05 0.60 +1.85713318591240e+005
0.05 0.70 +1.95865710000025e+005
0.05 0.80 +1.37140710000004e+005
0.05 0.90 +2.12644281887758e+005
0.05 1.00 +2.11879593642860e+005

0.10 0.30 +1.54022528692173e+005
0.10 0.40 +1.60784599244249e+005
0.10 0.50 +1.69828285714284e+005
0.10 0.60 +1.78797851938785e+005
0.10 0.70 +1.82940710178217e+005
0.10 0.80 +1.91358920084036e+005
0.10 0.90 +1.99626425204085e+005
0.10 1.00 +2.03769281606789e+005

0.15 0.30 +1.43034588470412e+005
0.15 0.40 +1.29637793785718e+005
0.15 0.50 +1.62329858993763e+005
0.15 0.60 +1.44795183029445e+005
0.15 0.70 +1.72815710178254e+005
0.15 0.80 +1.78312138749646e+005
0.15 0.90 +1.86608568520426e+005
0.15 1.00 +1.78737640336074e+005

0.20 0.30 +1.46490710178217e+005
0.20 0.40 +1.50540710178217e+005
0.20 0.50 +1.55280478902519e+005
0.20 0.60 +1.59223347610440e+005

0.20 0.80 +1.66740710178226e+005
0.20 0.90 +1.64436738336738e+005
0.20 1.00 +1.77640710000003e+005

0.25 0.30 +1.42151424463931e+005
0.25 0.40 +1.43181176327661e+005
0.25 0.50 +1.46965827645979e+005
0.25 0.60 +1.49962136453742e+005
0.25 0.70 +1.53108331687361e+005
0.25 0.80 +1.55431014803100e+005
0.25 0.90 +1.57772855331293e+005
0.25 1.00 +1.61173814070694e+005

0.30 0.30 +1.37150987148966e+005
0.30 0.40 +1.38969281606786e+005
0.30 0.50 +1.39093792198937e+005
0.30 0.60 +1.41189013199688e+005
0.30 0.70 +1.42440710178218e+005
0.30 0.80 +1.43452006690819e+005
0.30 0.90 +1.44854726668761e+005
0.30 1.00 +1.45912138749707e+005

0.05 0.30 +1.44267973500018e+005
0.10 0.30 +1.54022528692173e+005
0.15 0.30 +1.43034588470412e+005
0.20 0.30 +1.46490710178217e+005
0.25 0.30 +1.42151424463931e+005
0.30 0.30 +1.37150987148966e+005

0.05 0.40 +1.67897853035360e+005
0.10 0.40 +1.60784599244249e+005
0.15 0.40 +1.29637793785718e+005
0.20 0.40 +1.50540710178217e+005
0.25 0.40 +1.43181176327661e+005
0.30 0.40 +1.38969281606786e+005


0.10 0.50 +1.69828285714284e+005
0.15 0.50 +1.62329858993763e+005
0.20 0.50 +1.55280478902519e+005
0.25 0.50 +1.46965827645979e+005
0.30 0.50 +1.39093792198937e+005

0.05 0.60 +1.85713318591240e+005
0.10 0.60 +1.78797851938785e+005
0.15 0.60 +1.44795183029445e+005
0.20 0.60 +1.59223347610440e+005
0.25 0.60 +1.49962136453742e+005
0.30 0.60 +1.41189013199688e+005

0.05 0.70 +1.95865710000025e+005
0.10 0.70 +1.82940710178217e+005
0.15 0.70 +1.72815710178254e+005

0.25 0.70 +1.53108331687361e+005
0.30 0.70 +1.42440710178218e+005

0.05 0.80 +1.37140710000004e+005
0.10 0.80 +1.91358920084036e+005
0.15 0.80 +1.78312138749646e+005
0.20 0.80 +1.66740710178226e+005
0.25 0.80 +1.55431014803100e+005
0.30 0.80 +1.43452006690819e+005

0.05 0.90 +2.12644281887758e+005
0.10 0.90 +1.99626425204085e+005
0.15 0.90 +1.86608568520426e+005
0.20 0.90 +1.64436738336738e+005
0.25 0.90 +1.57772855331293e+005
0.30 0.90 +1.44854726668761e+005

0.05 1.00 +2.11879593642860e+005
0.10 1.00 +2.03769281606789e+005
0.15 1.00 +1.78737640336074e+005
0.20 1.00 +1.77640710000003e+005
0.25 1.00 +1.61173814070694e+005
0.30 1.00 +1.45912138749707e+005
